     656.2000000000000455       1.0016974647296593
     656.2002001334222996       1.0668451637029648
     656.2004002668445537       1.0594402067363262
     656.2006004002669215       0.9917120197787881
     656.2008005336891756       0.9778362847864628
     656.2010006671114297       0.9313671067357063
     656.2012008005336838       0.9572941586375237
     656.2014009339560516       1.1247350946068764
     656.2016010673783057       1.0094167701900005
     656.2018012008005599       1.0414347760379314
     656.2020013342228140       0.9988718715030700
     656.2022014676451818       0.9944490795023739
     656.2024016010674359       1.0650594756007195
     656.2026017344896900       1.0004034222220071
     656.2028018679119441       0.8515927791595459
     656.2030020013343119       1.0387266017496586
     656.2032021347565660       1.0786516815423965
     656.2034022681788201       0.9627448767423630
     656.2036024016010742       1.0052683376707137
     656.2038025350234420       1.0257199257612228
     656.2040026684456961       1.0574019253253937
     656.2042028018679503       1.0383498258888721
     656.2044029352902044       1.0241307895630598
     656.2046030687125722       0.9668687880039215
     656.2048032021348263       0.9316394031047821
     656.2050033355570804       0.9719447661191225
     656.2052034689793345       1.1058880686759949
     656.2054036024017023       1.0281959008425474
     656.2056037358239564       0.9583571814000607
     656.2058038692462105       0.9175487384200096
     656.2060040026684646       0.9894136050716043
     656.2062041360907187       1.0210843663662672
     656.2064042695130865       1.0827731043100357
     656.2066044029353407       1.1373660862445831
     656.2068045363575948       1.0211507715284824
     656.2070046697798489       0.9317544400691986
     656.2072048032022167       1.0268986858427525
     656.2074049366244708       1.0090567506849766
     656.2076050700467249       0.9943085727281868
     656.2078052034689790       1.1237321421504021
     656.2080053368913468       0.9158313199877739
     656.2082054703136009       1.0352416895329952
     656.2084056037358550       0.9725628048181534
     656.2086057371581092       0.9997717274090974
     656.2088058705804769       0.9693027846515179
     656.2090060040027311       1.0216550640761852
     656.2092061374249852       0.9891822785139084
     656.2094062708472393       1.0174912065267563
     656.2096064042696071       1.0137423081323504
     656.2098065376918612       1.0562001466751099
     656.2100066711141153       0.9895495958626270
     656.2102068045363694       1.0346524752676487
     656.2104069379587372       1.0365062430500984
     656.2106070713809913       0.8603578954935074
     656.2108072048032454       1.0311993602663279
     656.2110073382254996       1.0016651827609167
     656.2112074716477537       1.1120386719703674
     656.2114076050701215       1.0735070705413818
     656.2116077384923756       1.0002335078170290
     656.2118078719146297       1.0024121545720845
     656.2120080053368838       1.0621236450970173
     656.2122081387592516       0.9132855311036110
     656.2124082721815057       0.9606779292225838
     656.2126084056037598       1.0611497648060322
     656.2128085390260139       1.0187442488968372
     656.2130086724483817       1.0149406818673015
     656.2132088058706358       1.0949922949075699
     656.2134089392928900       0.9235365316271782
     656.2136090727151441       0.9993580591981299
     656.2138092061375119       1.0394335128366947
     656.2140093395597660       1.0169052556157112
     656.2142094729820201       0.9882418159395456
     656.2144096064042742       1.0288612004369497
     656.2146097398266420       1.0136937517672777
     656.2148098732488961       1.0031486891675740
     656.2150100066711502       0.9830803666263819
     656.2152101400934043       1.0182198397815228
     656.2154102735157721       0.9864905951544642
     656.2156104069380262       0.9551018811762333
     656.2158105403602804       0.9873964982107282
     656.2160106737825345       0.9199773445725441
     656.2162108072049023       1.0227426569908857
     656.2164109406271564       0.9303488656878471
     656.2166110740494105       1.0459040850400925
     656.2168112074716646       0.9813268389552832
     656.2170113408939187       0.9785738196223974
     656.2172114743162865       1.0124864093959332
     656.2174116077385406       1.0096468590199947
     656.2176117411607947       0.9824975002557039
     656.2178118745830488       0.9288246333599091
     656.2180120080054166       1.0363645963370800
     656.2182121414276708       1.0847241654992104
     656.2184122748499249       1.0535174794495106
     656.2186124082721790       1.0423119999468327
     656.2188125416945468       1.0545815229415894
     656.2190126751168009       1.0266661699861288
     656.2192128085390550       0.9512222260236740
     656.2194129419613091       1.0497628562152386
     656.2196130753836769       0.9998062700469745
     656.2198132088059310       1.0402086898684502
     656.2200133422281851       0.9755383078008890
     656.2202134756504392       1.0235135611146688
     656.2204136090728070       1.0343386195600033
     656.2206137424950612       1.0864577516913414
     656.2208138759173153       0.9645661190152168
     656.2210140093395694       0.9430296048521996
     656.2212141427619372       1.0075443945825100
     656.2214142761841913       0.9658075086772442
     656.2216144096064454       0.9887505853548646
     656.2218145430286995       1.0096725979819894
     656.2220146764509536       0.9527415782213211
     656.2222148098733214       0.9734571836888790
     656.2224149432955755       1.0027697780169547
     656.2226150767178297       1.0542871616780758
     656.2228152101400838       0.9986106219002977
     656.2230153435624516       1.0766664817929268
     656.2232154769847057       0.9645172022283077
     656.2234156104069598       0.9809012617915869
     656.2236157438292139       0.9851499954238534
     656.2238158772515817       0.9422424063086510
     656.2240160106738358       1.0300679747015238
     656.2242161440960899       1.0581139810383320
     656.2244162775183440       0.9842562880367041
     656.2246164109407118       0.9969299873337150
     656.2248165443629659       1.0522969029843807
     656.2250166777852201       0.9307417944073677
     656.2252168112074742       0.9595132060348988
     656.2254169446298420       1.0417069308459759
     656.2256170780520961       1.0454812161624432
     656.2258172114743502       1.0469945333898067
     656.2260173448966043       1.0242337863892317
     656.2262174783189721       1.0436735898256302
     656.2264176117412262       0.9914497556164861
     656.2266177451634803       0.9311365038156509
     656.2268178785857344       0.9662567414343357
     656.2270180120081022       0.9487081393599510
     656.2272181454303563       1.0758844539523125
     656.2274182788526105       1.1199397966265678
     656.2276184122748646       0.9782224483788013
     656.2278185456971187       1.0605775676667690
     656.2280186791194865       1.0247407834976912
     656.2282188125417406       0.9563389122486115
     656.2284189459639947       0.8968549594283104
     656.2286190793862488       1.0496410690248013
     656.2288192128086166       1.0421384982764721
     656.2290193462308707       0.8537827134132385
     656.2292194796531248       0.9564837887883186
     656.2294196130753789       0.9953677426092327
     656.2296197464977467       0.9759908802807331
     656.2298198799200009       0.9922018824145198
     656.2300200133422550       1.0073153302073479
     656.2302201467645091       0.9886635225266218
     656.2304202801868769       1.0370926707983017
     656.2306204136091310       0.9087231233716011
     656.2308205470313851       1.0923596546053886
     656.2310206804536392       1.0175792332738638
     656.2312208138760070       1.0725407302379608
     656.2314209472982611       1.0502403639256954
     656.2316210807205152       1.0069408984854817
     656.2318212141427693       1.0307878796011209
     656.2320213475651371       1.0072125750593841
     656.2322214809873913       1.0060492469929159
     656.2324216144096454       0.9233840554952621
     656.2326217478318995       1.0291235577315092
     656.2328218812541536       0.9540362022817135
     656.2330220146765214       0.9768517892807722
     656.2332221480987755       1.0816024020314217
     656.2334222815210296       1.0430110804736614
     656.2336224149432837       0.9655813314020634
     656.2338225483656515       0.9567276723682880
     656.2340226817879056       0.9880768675357103
     656.2342228152101598       1.0198935009539127
     656.2344229486324139       1.1002603173255920
     656.2346230820547817       1.0431103110313416
     656.2348232154770358       0.9856954645365477
     656.2350233488992899       1.0030161025933921
     656.2352234823215440       1.0173040460795164
     656.2354236157439118       0.9755053259432316
     656.2356237491661659       0.9419877268373966
     656.2358238825884200       1.0063937851227820
     656.2360240160106741       0.9998392191046150
     656.2362241494330419       0.9890818390995264
     656.2364242828552960       0.9303676337003708
     656.2366244162775502       0.9376416243612766
     656.2368245496998043       0.9944049553014338
     656.2370246831221721       1.0190330352634192
     656.2372248165444262       1.0302414894104004
     656.2374249499666803       1.0427016504108906
     656.2376250833889344       1.0576147399842739
     656.2378252168113022       1.0610107444226742
     656.2380253502335563       1.0508709922432899
     656.2382254836558104       0.9441773034632206
     656.2384256170780645       1.0030286915134639
     656.2386257505003186       1.0128985038027167
     656.2388258839226864       0.8022583425045013
     656.2390260173449406       1.0071662152186036
     656.2392261507671947       1.0278942883014679
     656.2394262841894488       1.0019962196238339
     656.2396264176118166       1.0069357338361442
     656.2398265510340707       1.0098565425723791
     656.2400266844563248       1.0331681445240974
     656.2402268178785789       0.9542347528040409
     656.2404269513009467       1.0486383996903896
     656.2406270847232008       1.0202360246330500
     656.2408272181454549       1.0238280426710844
     656.2410273515677090       1.0056070648133755
     656.2412274849900768       0.9923757491633296
     656.2414276184123310       1.0500715076923370
     656.2416277518345851       1.1235316023230553
     656.2418278852568392       1.0267995893955231
     656.2420280186792070       0.9151903986930847
     656.2422281521014611       1.0020871420856565
     656.2424282855237152       1.1126478090882301
     656.2426284189459693       1.0346902422606945
     656.2428285523683371       1.0334388837218285
     656.2430286857905912       1.0417488664388657
     656.2432288192128453       1.0630457252264023
     656.2434289526350994       1.0622193887829781
     656.2436290860574672       1.0233138427138329
     656.2438292194797214       1.0098447669297457
     656.2440293529019755       1.0209446605294943
     656.2442294863242296       0.9177002087235451
     656.2444296197464837       1.0255783200263977
     656.2446297531688515       0.9914176641032100
     656.2448298865911056       0.9989193251822144
     656.2450300200133597       0.8470161408185959
     656.2452301534356138       0.9779209773987532
     656.2454302868579816       0.9341947585344315
     656.2456304202802357       0.9816018566489220
     656.2458305537024899       0.9407734163105488
     656.2460306871247440       1.0407320521771908
     656.2462308205471118       1.0237086601555347
     656.2464309539693659       1.0486538298428059
     656.2466310873916200       0.9722485244274139
     656.2468312208138741       0.9800652898848057
     656.2470313542362419       0.9440163113176823
     656.2472314876584960       0.9443204812705517
     656.2474316210807501       1.0643895044922829
     656.2476317545030042       1.0553902946412563
     656.2478318879253720       0.9423772916197777
     656.2480320213476261       0.9563804976642132
     656.2482321547698803       1.0235216151922941
     656.2484322881921344       0.9787692818790674
     656.2486324216145022       1.1051929965615273
     656.2488325550367563       0.9423485323786736
     656.2490326884590104       0.9932850939221680
     656.2492328218812645       1.0083387074992061
     656.2494329553035186       0.9572364576160908
     656.2496330887258864       0.9378851167857647
     656.2498332221481405       1.0065549402497709
     656.2500333555703946       0.9320425465703011
     656.2502334889926487       1.0368475914001465
     656.2504336224150165       1.0113198375329375
     656.2506337558372707       1.0428179614245892
     656.2508338892595248       1.0546892099082470
     656.2510340226817789       0.9640306197106838
     656.2512341561041467       0.9880133606493473
     656.2514342895264008       0.9606466330587864
     656.2516344229486549       1.0318035222589970
     656.2518345563709090       0.9792986754328012
     656.2520346897932768       0.9841757789254189
     656.2522348232155309       0.9201719239354134
     656.2524349566377850       1.0582370273768902
     656.2526350900600391       0.9863523598760366
     656.2528352234824069       1.0982854887843132
     656.2530353569046611       1.0277701001614332
     656.2532354903269152       0.9202017486095428
     656.2534356237491693       1.0362915359437466
     656.2536357571715371       0.9541080258786678
     656.2538358905937912       1.0016909713158384
     656.2540360240160453       0.9059211537241936
     656.2542361574382994       1.0929876789450645
     656.2544362908606672       0.9753040838986635
     656.2546364242829213       1.0549320690333843
     656.2548365577051754       0.9264704138040543
     656.2550366911274295       1.0237809643149376
     656.2552368245496837       0.9805616009980440
     656.2554369579720515       1.0193341951817274
     656.2556370913943056       1.0384342707693577
     656.2558372248165597       0.9777882117778063
     656.2560373582388138       0.9545952193439007
     656.2562374916611816       1.0200258772820234
     656.2564376250834357       0.9491807259619236
     656.2566377585056898       1.0636281073093414
     656.2568378919279439       1.0092957606539130
     656.2570380253503117       0.9482666254043579
     656.2572381587725658       0.9708067048341036
     656.2574382921948200       0.9996452153427526
     656.2576384256170741       0.9920138781890273
     656.2578385590394419       0.9303155988454819
     656.2580386924616960       0.9629604853689671
     656.2582388258839501       0.9490353502333164
     656.2584389593062042       1.0189339090138674
     656.2586390927285720       0.9587755762040615
     656.2588392261508261       1.0220960509032011
     656.2590393595730802       0.9717714544385672
     656.2592394929953343       0.9583008177578449
     656.2594396264177021       0.9224257841706276
     656.2596397598399562       0.9563960768282413
     656.2598398932622104       1.0062449420802295
     656.2600400266844645       1.0189646836370230
     656.2602401601067186       0.9515282548964024
     656.2604402935290864       0.9233971610665321
     656.2606404269513405       1.0417660661041737
     656.2608405603735946       1.0789187774062157
     656.2610406937958487       1.0537176132202148
     656.2612408272182165       1.0463891439139843
     656.2614409606404706       0.9989723241887987
     656.2616410940627247       1.0934327095746994
     656.2618412274849788       1.0321433506906033
     656.2620413609073466       0.9950495646335185
     656.2622414943296008       1.0847934409976006
     656.2624416277518549       0.9611806906759739
     656.2626417611741090       1.0205121096223593
     656.2628418945964768       0.9393643327057362
     656.2630420280187309       1.0370277389883995
     656.2632421614409850       0.9634921289980412
     656.2634422948632391       0.9739205688238144
     656.2636424282856069       1.0224370472133160
     656.2638425617078610       1.0542891509830952
     656.2640426951301151       1.0378321893513203
     656.2642428285523692       1.0120217083021998
     656.2644429619747370       1.0209407005459070
     656.2646430953969912       1.0145914703607559
     656.2648432288192453       1.0189431421458721
     656.2650433622414994       1.1085932403802872
     656.2652434956638672       0.9925376609899104
     656.2654436290861213       1.0138325048610568
     656.2656437625083754       0.9447474367916584
     656.2658438959306295       0.9785735942423344
     656.2660440293528836       1.0010004880605265
     656.2662441627752514       0.9304457679390907
     656.2664442961975055       1.0239276643842459
     656.2666444296197596       0.9770067874342203
     656.2668445630420138       0.9733183439821005
     656.2670446964643816       0.9178887829184532
     656.2672448298866357       0.9665944017469883
     656.2674449633088898       0.9465453848242760
     656.2676450967311439       0.9256837144494057
     656.2678452301535117       1.0250238161534071
     656.2680453635757658       1.0430974625051022
     656.2682454969980199       1.1055855527520180
     656.2684456304202740       0.9999420253261633
     656.2686457638426418       0.9724663011729717
     656.2688458972648959       1.1134322062134743
     656.2690460306871501       1.0619792453944683
     656.2692461641094042       1.0729817226529121
     656.2694462975317720       0.9039786383509636
     656.2696464309540261       0.9984615304274485
     656.2698465643762802       1.0036338965874165
     656.2700466977985343       0.9915111688897014
     656.2702468312209021       1.0331324487924576
     656.2704469646431562       0.9690959025174379
     656.2706470980654103       1.0144256893545389
     656.2708472314876644       0.8787103071808815
     656.2710473649099185       0.9833578094840050
     656.2712474983322863       0.9740483015775681
     656.2714476317545405       0.9817746616899967
     656.2716477651767946       0.9012400060892105
     656.2718478985990487       1.0826708599925041
     656.2720480320214165       1.0771987661719322
     656.2722481654436706       1.0168674439191818
     656.2724482988659247       1.1076471433043480
     656.2726484322881788       1.0271702855825424
     656.2728485657105466       1.0156775303184986
     656.2730486991328007       1.0043311920017004
     656.2732488325550548       1.0715033635497093
     656.2734489659773089       1.0253119654953480
     656.2736490993996767       1.0312281344085932
     656.2738492328219309       0.9985772032523528
     656.2740493662441850       1.0636005476117134
     656.2742494996664391       1.0066904574632645
     656.2744496330888069       0.9689336977899075
     656.2746497665110610       1.0442220680415630
     656.2748498999333151       1.0601493492722511
     656.2750500333555692       1.0000584924964642
     656.2752501667779370       1.0014675642596558
     656.2754503002001911       1.0147938802838326
     656.2756504336224452       1.0541838891804218
     656.2758505670446993       1.0446242690086365
     656.2760507004670671       0.9347815886139870
     656.2762508338893213       0.9667947478592396
     656.2764509673115754       0.9550869353115559
     656.2766511007338295       0.9017119854688644
     656.2768512341560836       0.9947015848010778
     656.2770513675784514       0.9540667869150639
     656.2772515010007055       1.0454561375081539
     656.2774516344229596       0.9641555957496166
     656.2776517678452137       1.0473411791026592
     656.2778519012675815       0.9817821644246578
     656.2780520346898356       0.9338258504867554
     656.2782521681120897       0.9683180786669254
     656.2784523015343439       0.9903174536302686
     656.2786524349567117       1.0611779354512691
     656.2788525683789658       1.0163660999387503
     656.2790527018012199       0.9634250998497009
     656.2792528352234740       0.9761775899678469
     656.2794529686458418       1.0227377396076918
     656.2796531020680959       1.0032325049396604
     656.2798532354903500       1.0434112362563610
     656.2800533689126041       1.1061032786965370
     656.2802535023349719       0.9917625850066543
     656.2804536357572260       0.9694284554570913
     656.2806537691794802       0.8863180875778198
     656.2808539026017343       1.0600428655743599
     656.2810540360241021       1.0537509918212891
     656.2812541694463562       1.1036669760942459
     656.2814543028686103       0.9383709318935871
     656.2816544362908644       0.9427743591368198
     656.2818545697131185       0.9485705234110355
     656.2820547031354863       1.0697638466954231
     656.2822548365577404       1.0278751384466887
     656.2824549699799945       0.9573639072477818
     656.2826551034022486       0.9996616400603671
     656.2828552368246164       1.0221324935555458
     656.2830553702468706       0.9746830221265554
     656.2832555036691247       1.0171676464378834
     656.2834556370913788       1.0269625429064035
     656.2836557705137466       0.9800783991813660
     656.2838559039360007       0.9810521714389324
     656.2840560373582548       0.9598026759922504
     656.2842561707805089       0.9405374415218830
     656.2844563042028767       0.9772181641310453
     656.2846564376251308       1.0489235483109951
     656.2848565710473849       0.9878610186278820
     656.2850567044696390       1.0327371582388878
     656.2852568378920068       1.0359849706292152
     656.2854569713142610       0.8925063237547874
     656.2856571047365151       0.9835181795060635
     656.2858572381587692       0.9549870379269123
     656.2860573715811370       0.9353810176253319
     656.2862575050033911       0.9463623762130737
     656.2864576384256452       0.9948988468386233
     656.2866577718478993       0.9720417875796556
     656.2868579052702671       1.0255000144243240
     656.2870580386925212       0.9460255540907383
     656.2872581721147753       0.9939243164844811
     656.2874583055370294       0.9766998048871756
     656.2876584389592836       0.9817849919199944
     656.2878585723816514       1.0027746858540922
     656.2880587058039055       1.0629479587078094
     656.2882588392261596       0.9958434612490237
     656.2884589726484137       1.0033293522428721
     656.2886591060707815       1.0182267259806395
     656.2888592394930356       1.0334723256528378
     656.2890593729152897       0.9650887437164783
     656.2892595063375438       1.0312039237469435
     656.2894596397599116       0.9662095941603184
     656.2896597731821657       0.9757200237363577
     656.2898599066044198       0.9568629190325737
     656.2900600400266740       1.0069744251668453
     656.2902601734490418       0.9583002403378487
     656.2904603068712959       1.1077123507857323
     656.2906604402935500       0.9796253051608801
     656.2908605737158041       0.9848425956442952
     656.2910607071381719       0.9860475789755583
     656.2912608405604260       1.0424238331615925
     656.2914609739826801       1.0477336272597313
     656.2916611074049342       1.0207610335201025
     656.2918612408273020       1.0110772075131536
     656.2920613742495561       1.0199588034301996
     656.2922615076718103       1.0288582798093557
     656.2924616410940644       0.9723640829324722
     656.2926617745164322       0.9766758922487497
     656.2928619079386863       1.0007453804719262
     656.2930620413609404       1.0481990911066532
     656.2932621747831945       0.9919804129749537
     656.2934623082054486       0.9641069099307060
     656.2936624416278164       1.0444584973156452
     656.2938625750500705       1.0669730454683304
     656.2940627084723246       0.9479319974780083
     656.2942628418945787       0.9907202385365963
     656.2944629753169465       0.9289938881993294
     656.2946631087392007       0.9529037214815617
     656.2948632421614548       0.9882422685623169
     656.2950633755837089       1.0124597055837512
     656.2952635090060767       0.9952212003991008
     656.2954636424283308       0.9933763928711414
     656.2956637758505849       1.0289851669222116
     656.2958639092728390       0.9943846208043396
     656.2960640426952068       1.0519237034022808
     656.2962641761174609       1.0302600748836994
     656.2964643095397150       0.9565517753362656
     656.2966644429619691       1.0461224690079689
     656.2968645763843369       0.9700010064989328
     656.2970647098065911       1.0099959364160895
     656.2972648432288452       1.0614760816097260
     656.2974649766510993       1.0043754293583333
     656.2976651100734671       1.0717880278825760
     656.2978652434957212       0.9892981862649322
     656.2980653769179753       0.9519655555486679
     656.2982655103402294       0.8876119926571846
     656.2984656437624835       1.0103906719014049
     656.2986657771848513       0.9855603706091642
     656.2988659106071054       0.9185212627053261
     656.2990660440293595       1.0485264174640179
     656.2992661774516137       0.9997293640335556
     656.2994663108739815       0.9724261909723282
     656.2996664442962356       1.0600647144019604
     656.2998665777184897       1.0064104157499969
     656.3000667111407438       0.9324945434927940
     656.3002668445631116       1.0263217277824879
     656.3004669779853657       1.0451918169856071
     656.3006671114076198       0.9541191495954990
     656.3008672448298739       1.0487778596580029
     656.3010673782522417       1.0074288994073868
     656.3012675116744958       1.0256205834448338
     656.3014676450967499       0.9796373117715120
     656.3016677785190041       1.0700995549559593
     656.3018679119413719       1.0191855151206255
     656.3020680453636260       1.0209065079689026
     656.3022681787858801       1.0231933128088713
     656.3024683122081342       1.0104389330372214
     656.3026684456305020       1.0316054485738277
     656.3028685790527561       0.9932249053381383
     656.3030687124750102       0.9717510733753443
     656.3032688458972643       1.1311958730220795
     656.3034689793196321       1.0420227386057377
     656.3036691127418862       0.9959887806326151
     656.3038692461641403       1.0283643882721663
     656.3040693795863945       0.9702731911092997
     656.3042695130086486       0.9358483329415321
     656.3044696464310164       0.9969500997103751
     656.3046697798532705       0.9061960056424141
     656.3048699132755246       1.0661396682262421
     656.3050700466977787       0.9466444253921509
     656.3052701801201465       0.9684500284492970
     656.3054703135424006       1.0347434654831886
     656.3056704469646547       0.9283114969730377
     656.3058705803869088       0.9757928512990475
     656.3060707138092766       0.9754025377333164
     656.3062708472315308       0.9971352529246360
     656.3064709806537849       1.0866365283727646
     656.3066711140760390       0.9221115261316299
     656.3068712474984068       1.0248682349920273
     656.3070713809206609       1.0308461487293243
     656.3072715143429150       1.0297807697206736
     656.3074716477651691       1.0419889017939568
     656.3076717811875369       0.8850304111838341
     656.3078719146097910       1.0366358458995819
     656.3080720480320451       1.0269119087606668
     656.3082721814542992       0.8554077297449112
     656.3084723148766670       0.9723518956452608
     656.3086724482989212       1.0171090383082628
     656.3088725817211753       0.9594785012304783
     656.3090727151434294       1.0159789603203535
     656.3092728485656835       0.9881758466362953
     656.3094729819880513       1.0445529259741306
     656.3096731154103054       0.9602705165743828
     656.3098732488325595       1.0319888852536678
     656.3100733822548136       0.9080252945423126
     656.3102735156771814       0.9578460007905960
     656.3104736490994355       1.0388120487332344
     656.3106737825216896       0.9694355186074972
     656.3108739159439438       1.0252793375402689
     656.3110740493663116       1.0135812712833285
     656.3112741827885657       1.0150395287200809
     656.3114743162108198       0.9716245643794537
     656.3116744496330739       1.0189756490290165
     656.3118745830554417       0.9765340723097324
     656.3120747164776958       1.0070076892152429
     656.3122748498999499       0.9566250704228878
     656.3124749833222040       0.9855486163869500
     656.3126751167445718       1.0010229235049337
     656.3128752501668259       1.0316211245954037
     656.3130753835890800       1.0727459192276001
     656.3132755170113342       0.9637043960392475
     656.3134756504337020       1.0840177088975906
     656.3136757838559561       0.9729739278554916
     656.3138759172782102       0.9290647134184837
     656.3140760507004643       1.0935285910964012
     656.3142761841228321       1.0292224120348692
     656.3144763175450862       0.9690201189368963
     656.3146764509673403       1.0489583127200603
     656.3148765843895944       1.0166258122771978
     656.3150767178118485       1.0753298327326775
     656.3152768512342163       0.9678838588297367
     656.3154769846564704       1.0318017490208149
     656.3156771180787246       0.8621912598609924
     656.3158772515009787       1.0584399215877056
     656.3160773849233465       1.0167133044451475
     656.3162775183456006       0.9071014299988747
     656.3164776517678547       1.0280883200466633
     656.3166777851901088       0.9870431199669838
     656.3168779186124766       0.9948194250464439
     656.3170780520347307       1.0532233901321888
     656.3172781854569848       0.9773447457700968
     656.3174783188792389       0.9485616870224476
     656.3176784523016067       0.9554111063480377
     656.3178785857238609       0.9481390751898289
     656.3180787191461150       0.9834499172866344
     656.3182788525683691       0.9093814119696617
     656.3184789859907369       1.0530542731285095
     656.3186791194129910       1.0277374386787415
     656.3188792528352451       1.0543402731418610
     656.3190793862574992       0.9391039907932281
     656.3192795196798670       1.0832772478461266
     656.3194796531021211       0.9948844681493938
     656.3196797865243752       1.0344256274402142
     656.3198799199466293       0.9535807296633720
     656.3200800533688835       0.9314950779080391
     656.3202801867912513       1.0100892009213567
     656.3204803202135054       1.1038272380828857
     656.3206804536357595       1.0317732803523540
     656.3208805870580136       1.0562376342713833
     656.3210807204803814       0.9183482378721237
     656.3212808539026355       1.0039030301850289
     656.3214809873248896       1.1299925297498703
     656.3216811207471437       0.9983090985333547
     656.3218812541695115       1.0125835631042719
     656.3220813875917656       0.9998479411588050
     656.3222815210140197       1.0478586144745350
     656.3224816544362739       1.0019799040164798
     656.3226817878586417       0.9786120578646660
     656.3228819212808958       1.0055065113119781
     656.3230820547031499       0.9876287514343858
     656.3232821881254040       0.9757174495607615
     656.3234823215477718       0.9128676205873489
     656.3236824549700259       1.0194080565124750
     656.3238825883922800       1.0406029485166073
     656.3240827218145341       0.9186045303940773
     656.3242828552369019       0.9791185427457094
     656.3244829886591560       0.9406607039272785
     656.3246831220814101       1.0661317929625511
     656.3248832555036643       0.9817785117775202
     656.3250833889260321       0.9743594285100698
     656.3252835223482862       1.0480138473212719
     656.3254836557705403       0.9679022394120693
     656.3256837891927944       1.0163271166384220
     656.3258839226150485       0.9551938138902187
     656.3260840560374163       1.0057966555468738
     656.3262841894596704       1.0419524386525154
     656.3264843228819245       0.9679618738591671
     656.3266844563041786       1.0187871214002371
     656.3268845897265464       1.0726379454135895
     656.3270847231488005       0.9947740868665278
     656.3272848565710547       1.0148718282580376
     656.3274849899933088       0.9646320082247257
     656.3276851234156766       1.0236682835966349
     656.3278852568379307       1.0736769661307335
     656.3280853902601848       1.0390677936375141
     656.3282855236824389       0.9466632790863514
     656.3284856571048067       0.9828610960394144
     656.3286857905270608       0.9962312071584165
     656.3288859239493149       0.9870142890140414
     656.3290860573715690       1.0401415936648846
     656.3292861907939368       1.0036484610754997
     656.3294863242161910       1.0046497504226863
     656.3296864576384451       1.0427244417369366
     656.3298865910606992       1.0710050389170647
     656.3300867244830670       1.0517834387719629
     656.3302868579053211       0.9994534059078430
     656.3304869913275752       1.0048877312801774
     656.3306871247498293       0.9770050905644888
     656.3308872581721971       0.9187424853444091
     656.3310873915944512       1.0033828720916049
     656.3312875250167053       1.0413446500897388
     656.3314876584389594       1.0076943510211973
     656.3316877918612136       1.0420967452228025
     656.3318879252835814       1.0457148477435045
     656.3320880587058355       0.9029997140169044
     656.3322881921280896       1.0358467660844179
     656.3324883255503437       0.9491323046386024
     656.3326884589727115       1.0752533599733987
     656.3328885923949656       1.0215257126837498
     656.3330887258172197       0.9144293442367820
     656.3332888592394738       1.0106401965021083
     656.3334889926618416       0.9958407226948471
     656.3336891260840957       1.0447007007894782
     656.3338892595063498       1.0224532168355496
     656.3340893929286040       1.0658376067872384
     656.3342895263509718       0.9586286209517293
     656.3344896597732259       1.0465365350237252
     656.3346897931954800       1.0489698573933794
     656.3348899266177341       0.8877020254712360
     656.3350900600401019       0.9540430940660811
     656.3352901934623560       1.0233952980450338
     656.3354903268846101       1.0449384525364056
     656.3356904603068642       1.0452198274356834
     656.3358905937292320       0.9669008962701600
     656.3360907271514861       1.0885324701514059
     656.3362908605737402       1.0546431541228176
     656.3364909939959944       1.0171166695353433
     656.3366911274182485       1.0145402727227784
     656.3368912608406163       1.0452293268749249
     656.3370913942628704       1.0866954996365226
     656.3372915276851245       1.0797088219582123
     656.3374916611073786       0.9933223597067645
     656.3376917945297464       1.0139744009518556
     656.3378919279520005       1.0089078710223918
     656.3380920613742546       1.0214359756183673
     656.3382921947965087       0.9538019852680308
     656.3384923282188765       1.0542682699625847
     656.3386924616411306       1.0051809836876175
     656.3388925950633848       1.0749784619262883
     656.3390927284856389       1.0449676382571154
     656.3392928619080067       1.0556457091020011
     656.3394929953302608       1.0321257526098715
     656.3396931287525149       1.0109913776522679
     656.3398932621747690       0.9604362818723393
     656.3400933955971368       0.9784487009034198
     656.3402935290193909       0.9800721273761430
     656.3404936624416450       1.0170274224136027
     656.3406937958638991       1.0616198165233470
     656.3408939292862669       1.0563735580655975
     656.3410940627085211       1.0060013199274112
     656.3412941961307752       1.0458757518311854
     656.3414943295530293       0.9892088085746941
     656.3416944629753971       1.0839175512735335
     656.3418945963976512       0.9939650641294074
     656.3420947298199053       1.0449880569188785
     656.3422948632421594       0.9511294149210393
     656.3424949966644135       0.9577769769485379
     656.3426951300867813       1.1161707554069791
     656.3428952635090354       0.9755835850350207
     656.3430953969312895       1.0001580398614762
     656.3432955303535437       0.9723773954893824
     656.3434956637759115       0.9871779513555160
     656.3436957971981656       1.0712812279383281
     656.3438959306204197       1.0227122346581368
     656.3440960640426738       0.9684912969723402
     656.3442961974650416       1.0555737699106928
     656.3444963308872957       0.8909989952836890
     656.3446964643095498       0.9770906920696466
     656.3448965977318039       1.0249672111735322
     656.3450967311541717       1.0593299566742376
     656.3452968645764258       1.0497703677774042
     656.3454969979986799       1.0166231616232824
     656.3456971314209341       1.0224246725946187
     656.3458972648433019       0.9724312954544568
     656.3460973982655560       0.9359122254902108
     656.3462975316878101       1.0041771233124148
     656.3464976651100642       1.0686533300772170
     656.3466977985324320       0.9386400830130789
     656.3468979319546861       0.9858108911357092
     656.3470980653769402       1.0010393728438327
     656.3472981987991943       1.0299291270880397
     656.3474983322214484       1.0322088459955310
     656.3476984656438162       0.9642396727882071
     656.3478985990660703       0.8684404288584175
     656.3480987324883245       1.0038956777177228
     656.3482988659105786       1.0349047985369915
     656.3484989993329464       0.9717503206120295
     656.3486991327552005       0.9749460404131512
     656.3488992661774546       1.1108740334197487
     656.3490993995997087       1.0015579263090366
     656.3492995330220765       1.0312225256375931
     656.3494996664443306       1.0633282582320707
     656.3496997998665847       1.0062246078122139
     656.3498999332888388       1.0027346018219059
     656.3501000667112066       0.9967137535252976
     656.3503002001334607       1.0152652678979448
     656.3505003335557149       1.0143389291628067
     656.3507004669779690       0.9535295698932419
     656.3509006004003368       1.0620416608451231
     656.3511007338225909       1.0001797086383564
     656.3513008672448450       0.9686082507217163
     656.3515010006670991       1.0824463495058474
     656.3517011340894669       0.9401530286961300
     656.3519012675117210       1.0476639767296985
     656.3521014009339751       0.9897024689807657
     656.3523015343562292       1.0825415131465097
     656.3525016677785970       0.9796583945926722
     656.3527018012008512       1.1117663544747749
     656.3529019346231053       1.0613196103901708
     656.3531020680453594       0.9276910604935911
     656.3533022014676135       1.0153281199478972
     656.3535023348899813       1.0061601801162172
     656.3537024683122354       0.9413204037816332
     656.3539026017344895       0.9799002513926366
     656.3541027351567436       1.0111975631118539
     656.3543028685791114       0.9786882913580344
     656.3545030020013655       0.9430466862012865
     656.3547031354236196       0.9404277547997032
     656.3549032688458738       1.0744847545125564
     656.3551034022682416       1.0099069855644567
     656.3553035356904957       0.9470068941235593
     656.3555036691127498       0.9968519108584302
     656.3557038025350039       0.9742348107949157
     656.3559039359573717       0.9729801152385393
     656.3561040693796258       0.9334989537286578
     656.3563042028018799       0.9768597132719193
     656.3565043362241340       0.7773137888586699
     656.3567044696465018       0.9689770076355938
     656.3569046030687559       0.9506623398938222
     656.3571047364910100       0.9650928434929273
     656.3573048699132642       0.9029178512967990
     656.3575050033356320       0.8642713552101301
     656.3577051367578861       0.9654623650401115
     656.3579052701801402       0.9432005262740372
     656.3581054036023943       0.9043692942897280
     656.3583055370246484       0.8825161485485505
     656.3585056704470162       0.9253927014868745
     656.3587058038692703       0.9534068172182856
     656.3589059372915244       0.9168916224830908
     656.3591060707137785       0.8587591093061703
     656.3593062041361463       0.9297821744886964
     656.3595063375584004       0.8390489212426402
     656.3597064709806546       0.9634365644024223
     656.3599066044029087       0.8183606459702629
     656.3601067378252765       0.8950562417912096
     656.3603068712475306       0.8125866790213715
     656.3605070046697847       0.8266193611724483
     656.3607071380920388       0.7948580630190165
     656.3609072715144066       0.8652890602827989
     656.3611074049366607       0.7860087656848019
     656.3613075383589148       0.8176461529569119
     656.3615076717811689       0.7921974132886146
     656.3617078052035367       0.7844152628431187
     656.3619079386257908       0.8345667115685999
     656.3621080720480450       0.8249179985490749
     656.3623082054702991       0.8467512838939183
     656.3625083388926669       0.8401329191496008
     656.3627084723149210       0.8769877602543508
     656.3629086057371751       0.8472754761211648
     656.3631087391594292       0.7817323227229095
     656.3633088725817970       0.8861271398527065
     656.3635090060040511       0.8045778070752716
     656.3637091394263052       0.7771345829821870
     656.3639092728485593       0.8559594135438320
     656.3641094062708135       0.8096700638373922
     656.3643095396931813       0.7769005592674239
     656.3645096731154354       0.7316637960192887
     656.3647098065376895       0.8479145596048333
     656.3649099399599436       0.7703391643562212
     656.3651100733823114       0.8471697522151034
     656.3653102068045655       0.8333399761578160
     656.3655103402268196       0.8175977050093880
     656.3657104736490737       0.8181378678647202
     656.3659106070714415       0.7371146070413919
     656.3661107404936956       0.8447461314570790
     656.3663108739159497       0.8782060207388910
     656.3665110073382039       0.7960088139724526
     656.3667111407605717       0.8887103273799702
     656.3669112741828258       0.9307099499974660
     656.3671114076050799       0.8359198895839838
     656.3673115410273340       0.9282622860554717
     656.3675116744497018       0.8542865058776784
     656.3677118078719559       0.9159897878698584
     656.3679119412942100       0.8854919509826065
     656.3681120747164641       0.9023530252776850
     656.3683122081388319       0.8948841632498888
     656.3685123415610860       0.9436920462437087
     656.3687124749833401       0.9542417309078498
     656.3689126084055943       0.9534861914354895
     656.3691127418278484       0.9747900546620255
     656.3693128752502162       0.9299352596843634
     656.3695130086724703       0.9732002961473453
     656.3697131420947244       0.9493995988651543
     656.3699132755169785       0.9453028356535621
     656.3701134089393463       0.9306593665155770
     656.3703135423616004       1.0454782567344068
     656.3705136757838545       0.9363715957739714
     656.3707138092061086       1.0520641712692322
     656.3709139426284764       1.0751619810982254
     656.3711140760507305       0.9748269819104312
     656.3713142094729847       0.9446883978320553
     656.3715143428952388       0.9182445521199077
     656.3717144763176066       1.0334005331206368
     656.3719146097398607       1.0226156650462146
     656.3721147431621148       0.9824510754338054
     656.3723148765843689       1.0596021486425860
     656.3725150100067367       0.9615583167020848
     656.3727151434289908       0.9474650660033268
     656.3729152768512449       0.9846380576615663
     656.3731154102734990       1.0507144061235836
     656.3733155436958668       1.0157185928051233
     656.3735156771181209       0.9385923633677868
     656.3737158105403751       0.9245306685741107
     656.3739159439626292       0.9744985358791086
     656.3741160773849970       1.0110396231737866
     656.3743162108072511       1.0533373979451679
     656.3745163442295052       0.9918457093592653
     656.3747164776517593       1.0090279148363730
     656.3749166110740134       0.8952091581482631
     656.3751167444963812       0.9774439138024447
     656.3753168779186353       1.0457729712156643
     656.3755170113408894       0.9550094858128794
     656.3757171447631436       1.0255799495584670
     656.3759172781855113       1.1219024582867081
     656.3761174116077655       0.9814879565113589
     656.3763175450300196       0.9867925168431823
     656.3765176784522737       1.0929816907344039
     656.3767178118746415       1.0306970223953986
     656.3769179452968956       1.0266875693230952
     656.3771180787191497       1.0561423648861854
     656.3773182121414038       1.0418192049827075
     656.3775183455637716       0.9334157010611129
     656.3777184789860257       1.0629675090943731
     656.3779186124082798       0.9096019001682754
     656.3781187458305340       0.9673753132041614
     656.3783188792529018       0.9119816638606811
     656.3785190126751559       0.9870060548769786
     656.3787191460974100       1.0116710806573408
     656.3789192795196641       0.9155165036157724
     656.3791194129420319       1.0388437776592345
     656.3793195463642860       0.9465478137636822
     656.3795196797865401       0.9566329243988472
     656.3797198132087942       0.9248757594212532
     656.3799199466311620       0.9912762498556089
     656.3801200800534161       0.9892533419527265
     656.3803202134756702       1.0558961099277022
     656.3805203468979244       0.9339478323405049
     656.3807204803201785       0.9833596746393496
     656.3809206137425463       0.9032351874473346
     656.3811207471648004       1.0476923286576780
     656.3813208805870545       0.9884327967901237
     656.3815210140093086       1.0561662323979502
     656.3817211474316764       0.9822494666185696
     656.3819212808539305       1.0417593616115752
     656.3821214142761846       1.0069200804052976
     656.3823215476984387       0.9810327452454013
     656.3825216811208065       1.0487984491832241
     656.3827218145430606       1.0456200211148445
     656.3829219479653148       1.1256769959902704
     656.3831220813875689       1.0448365909004447
     656.3833222148099367       0.9411754842422040
     656.3835223482321908       0.9826652081939153
     656.3837224816544449       1.0526186071913537
     656.3839226150766990       1.0819628522640095
     656.3841227484990668       1.0671748180183900
     656.3843228819213209       1.0836416372942743
     656.3845230153435750       0.9746687752953670
     656.3847231487658291       1.0522475282566930
     656.3849232821881969       1.0379483532908858
     656.3851234156104510       1.0262343493624790
     656.3853235490327052       0.9811893759064403
     656.3855236824549593       0.9989893350727410
     656.3857238158772134       0.9340334565466267
     656.3859239492995812       1.0602142627216136
     656.3861240827218353       1.0109528658148190
     656.3863242161440894       0.9894312772019260
     656.3865243495663435       1.1392173210472945
     656.3867244829887113       0.9580027639873454
     656.3869246164109654       1.0078297913411189
     656.3871247498332195       0.9330126895717058
     656.3873248832554737       0.9885277984429389
     656.3875250166778414       0.9096010004319204
     656.3877251501000956       0.9375837613062802
     656.3879252835223497       1.0189798069556604
     656.3881254169446038       0.9407224645157729
     656.3883255503669716       0.9169774718707845
     656.3885256837892257       0.9911876296856388
     656.3887258172114798       0.9833493619976110
     656.3889259506337339       1.0664197725195841
     656.3891260840561017       0.9956952764452880
     656.3893262174783558       0.9386367200312149
     656.3895263509006099       0.9776258895958280
     656.3897264843228641       1.0189478731869035
     656.3899266177452319       0.9895703792014148
     656.3901267511674860       0.9900772468718424
     656.3903268845897401       0.9773219413769528
     656.3905270180119942       1.0001659507484786
     656.3907271514343620       1.0386063270125847
     656.3909272848566161       1.0646284147994174
     656.3911274182788702       1.0211731083618316
     656.3913275517011243       0.9441359676369290
     656.3915276851233784       1.0031663568188560
     656.3917278185457462       0.9318221509431208
     656.3919279519680003       0.9447537064534490
     656.3921280853902545       0.9829178694623176
     656.3923282188125086       1.0068841488091906
     656.3925283522348764       1.0690126717084567
     656.3927284856571305       0.9436636157329662
     656.3929286190793846       0.9547432176765881
     656.3931287525016387       0.9813709668813135
     656.3933288859240065       0.9785547573118024
     656.3935290193462606       1.0034307041204520
     656.3937291527685147       1.0056913620791681
     656.3939292861907688       1.0501382425426993
     656.3941294196131366       0.9498052895068820
     656.3943295530353907       1.0270298663526569
     656.3945296864576449       0.9452320449054102
     656.3947298198798990       0.9445059187710191
     656.3949299533022668       1.0326090790331302
     656.3951300867245209       0.8715387433767275
     656.3953302201467750       0.9926991318352492
     656.3955303535690291       1.0149136753752810
     656.3957304869913969       1.0497893355786787
     656.3959306204136510       1.0117775844410053
     656.3961307538359051       0.9102680087089533
     656.3963308872581592       0.9866510583087799
     656.3965310206804133       0.9649982638657091
     656.3967311541027811       0.9444526620209216
     656.3969312875250353       0.9827318657189607
     656.3971314209472894       0.9684815742075442
     656.3973315543695435       0.9907132843509316
     656.3975316877919113       1.0139731643721461
     656.3977318212141654       0.9591590836644173
     656.3979319546364195       1.0251259543001652
     656.3981320880586736       0.9525847509503365
     656.3983322214810414       0.9593276605010033
     656.3985323549032955       1.0635589286684990
     656.3987324883255496       1.0299819838255644
     656.3989326217478038       1.0180085748434067
     656.3991327551701715       1.0563991181552410
     656.3993328885924257       1.0057927551679313
     656.3995330220146798       1.0114464098587632
     656.3997331554369339       1.0480071343481541
     656.3999332888593017       0.8830814734101295
     656.4001334222815558       0.9392312765121460
     656.4003335557038099       1.0088583622127771
     656.4005336891260640       0.9429669193923473
     656.4007338225484318       0.9504906237125397
     656.4009339559706859       1.0483880788087845
     656.4011340893929400       0.9933031424880028
     656.4013342228151942       1.1310412436723709
     656.4015343562375620       1.0842369124293327
     656.4017344896598161       0.9043556973338127
     656.4019346230820702       1.0172907002270222
     656.4021347565043243       1.0426373444497585
     656.4023348899265784       1.0561243258416653
     656.4025350233489462       0.9933664081618190
     656.4027351567712003       0.9895034506917000
     656.4029352901934544       1.1195608898997307
     656.4031354236157085       1.0036322139203548
     656.4033355570380763       1.0236582346260548
     656.4035356904603304       1.0286008864641190
     656.4037358238825846       0.9674135185778141
     656.4039359573048387       0.9910505861043930
     656.4041360907272065       1.0794436037540436
     656.4043362241494606       1.0513394586741924
     656.4045363575717147       1.0585457459092140
     656.4047364909939688       0.9449166692793369
     656.4049366244163366       0.9993073888472281
     656.4051367578385907       0.9876745147630572
     656.4053368912608448       0.9307897463440895
     656.4055370246830989       0.9053117558360100
     656.4057371581054667       1.0604138150811195
     656.4059372915277208       0.9969617649912834
     656.4061374249499750       1.0351234525442123
     656.4063375583722291       0.9366403594613075
     656.4065376917945969       1.0284880939871073
     656.4067378252168510       1.0055279894731939
     656.4069379586391051       1.0304653048515320
     656.4071380920613592       0.9529075659811497
     656.4073382254836133       1.0420321263372898
     656.4075383589059811       0.9826498664915562
     656.4077384923282352       1.0472416095435619
     656.4079386257504893       1.0492805652320385
     656.4081387591727434       1.0456385500729084
     656.4083388925951112       0.9247618466615677
     656.4085390260173654       1.0833018347620964
     656.4087391594396195       0.9895507190376520
     656.4089392928618736       1.0016511408612132
     656.4091394262842414       0.9707540366798639
     656.4093395597064955       0.9760270901024342
     656.4095396931287496       1.1071676239371300
     656.4097398265510037       1.0412020795047283
     656.4099399599733715       1.0246058311313391
     656.4101400933956256       1.0192746613174677
     656.4103402268178797       0.9543347842991352
     656.4105403602401339       0.9976808014325798
     656.4107404936625016       0.9101219177246094
     656.4109406270847558       1.0909616872668266
     656.4111407605070099       0.9085743054747581
     656.4113408939292640       1.0068332548253238
     656.4115410273516318       1.0536533594131470
     656.4117411607738859       1.0478265322744846
     656.4119412941961400       1.0934724882245064
     656.4121414276183941       0.9322684779763222
     656.4123415610407619       0.9556420631706715
     656.4125416944630160       1.0450763702392578
     656.4127418278852701       0.9799105674028397
     656.4129419613075243       1.0684615895152092
     656.4131420947297784       0.9284629225730896
     656.4133422281521462       0.9938792330212891
     656.4135423615744003       1.0351942926645279
     656.4137424949966544       1.0280277822166681
     656.4139426284189085       1.0858869701623917
     656.4141427618412763       1.0077760242857039
     656.4143428952635304       1.0509311556816101
     656.4145430286857845       1.0149287804961205
     656.4147431621080386       1.1354328244924545
     656.4149432955304064       0.9978413933422416
     656.4151434289526605       0.9469782523810863
     656.4153435623749147       0.9362969473004341
     656.4155436957971688       1.0309489313513041
     656.4157438292195366       0.9380095936357975
     656.4159439626417907       0.9709560144692659
     656.4161440960640448       0.9364323690533638
     656.4163442294862989       1.0820039212703705
     656.4165443629086667       1.0502738021314144
     656.4167444963309208       0.9538304843008518
     656.4169446297531749       1.0881496816873550
     656.4171447631754290       0.9733768999576569
     656.4173448965977968       1.0615018717944622
     656.4175450300200509       1.0441513545811176
     656.4177451634423051       0.9897751137614250
     656.4179452968645592       1.0581976771354675
     656.4181454302869270       1.1371171176433563
     656.4183455637091811       1.0513459220528603
     656.4185456971314352       1.0706117674708366
     656.4187458305536893       0.9752922579646111
     656.4189459639759434       0.9097788035869598
     656.4191460973983112       1.0546658299863338
     656.4193462308205653       0.9960415898822248
     656.4195463642428194       1.0138464262709022
     656.4197464976650735       0.9727272596210241
     656.4199466310874413       1.0787085592746735
     656.4201467645096955       0.9533695653080940
     656.4203468979319496       1.0189925990998745
     656.4205470313542037       0.9730966351926327
     656.4207471647765715       0.9039768502116203
     656.4209472981988256       0.9591686129570007
     656.4211474316210797       0.9727730397135019
     656.4213475650433338       1.0181708186864853
     656.4215476984657016       1.0116389757022262
     656.4217478318879557       1.0094448942691088
     656.4219479653102098       1.0046122465282679
     656.4221480987324640       0.9369399100542068
     656.4223482321548317       0.9921142589300871
     656.4225483655770859       1.0486752316355705
     656.4227484989993400       1.0446512773633003
     656.4229486324215941       1.0319086872041225
     656.4231487658439619       0.9898946471512318
     656.4233488992662160       0.9679813347756863
     656.4235490326884701       0.9673497602343559
     656.4237491661107242       1.0292606297880411
     656.4239492995329783       0.9457584060728550
     656.4241494329553461       0.9667504690587521
     656.4243495663776002       0.9979576750192791
     656.4245496997998544       1.0926892086863518
     656.4247498332221085       1.0244137160480022
     656.4249499666444763       1.0473319627344608
     656.4251501000667304       0.9817098025232553
     656.4253502334889845       0.9909054869785905
     656.4255503669112386       0.9743823651224375
     656.4257505003336064       0.9097115844488144
     656.4259506337558605       0.9811352584511042
     656.4261507671781146       0.9847478317096829
     656.4263509006003687       1.0197666119784117
     656.4265510340227365       1.0450077727437019
     656.4267511674449906       1.0659239217638969
     656.4269513008672448       1.0133071979507804
     656.4271514342894989       1.0374531038105488
     656.4273515677118667       1.0213113632053137
     656.4275517011341208       1.0436967723071575
     656.4277518345563749       1.0322581157088280
     656.4279519679786290       1.0869739204645157
     656.4281521014009968       1.0003276184434071
     656.4283522348232509       1.0190640911459923
     656.4285523682455050       0.9791030138731003
     656.4287525016677591       1.0060886377468705
     656.4289526350901269       0.9543750174343586
     656.4291527685123810       0.8710256814956665
     656.4293529019346352       1.0684945583343506
     656.4295530353568893       0.9803431797772646
     656.4297531687791434       0.9529315978288651
     656.4299533022015112       0.9866461139172316
     656.4301534356237653       0.9814218357205391
     656.4303535690460194       1.0059093306772411
     656.4305537024682735       0.9764353428035975
     656.4307538358906413       1.1073423624038696
     656.4309539693128954       0.9839908219873905
     656.4311541027351495       1.0163199380040169
     656.4313542361574036       0.9910730058327317
     656.4315543695797714       1.0818351134657860
     656.4317545030020256       1.0379548035562038
     656.4319546364242797       1.0347580648958683
     656.4321547698465338       0.9841256160289049
     656.4323549032689016       1.0016132824821398
     656.4325550366911557       1.1098503023386002
     656.4327551701134098       0.9157226905226707
     656.4329553035356639       1.0053876671008766
     656.4331554369580317       1.0244233217090368
     656.4333555703802858       0.9875533534213901
     656.4335557038025399       0.9798035454005003
     656.4337558372247940       1.0454622693359852
     656.4339559706471618       1.0564937070012093
     656.4341561040694160       1.0263752546161413
     656.4343562374916701       1.0027570535894483
     656.4345563709139242       0.9633427523076534
     656.4347565043361783       0.9414613172411919
     656.4349566377585461       0.8939707130193710
     656.4351567711808002       0.9962834599427879
     656.4353569046030543       1.0180740673094988
     656.4355570380253084       1.0291577372699976
     656.4357571714476762       1.0761036649346352
     656.4359573048699303       1.0150169404223561
     656.4361574382921845       0.9111029133200645
     656.4363575717144386       1.0094948550686240
     656.4365577051368064       0.9576513543725014
     656.4367578385590605       1.0912234857678413
     656.4369579719813146       0.9533800818026066
     656.4371581054035687       1.0199274979531765
     656.4373582388259365       1.0087671205401421
     656.4375583722481906       1.0295400228351355
     656.4377585056704447       0.9884008290246129
     656.4379586390926988       1.0135971251875162
     656.4381587725150666       1.0595204122364521
     656.4383589059373207       0.9224707707762718
     656.4385590393595749       1.0417453460395336
     656.4387591727818290       0.9440644197165966
     656.4389593062041968       0.9028979167342186
     656.4391594396264509       0.9065138176083565
     656.4393595730487050       0.9474777877330780
     656.4395597064709591       1.0531721375882626
     656.4397598398933269       1.0371692180633545
     656.4399599733155810       1.0706055983901024
     656.4401601067378351       0.9884875724092126
     656.4403602401600892       1.0857751742005348
     656.4405603735823433       0.8747630715370178
     656.4407605070047111       1.0189990233629942
     656.4409606404269653       0.9648283421993256
     656.4411607738492194       1.0318947732448578
     656.4413609072714735       1.0535636246204376
     656.4415610406938413       0.9100090041756630
     656.4417611741160954       1.1028686389327049
     656.4419613075383495       0.9670173861086369
     656.4421614409606036       0.9517494142055511
     656.4423615743829714       1.0231156051158905
     656.4425617078052255       1.0188720151782036
     656.4427618412274796       1.0058523877523839
     656.4429619746497337       1.0153471259400249
     656.4431621080721015       1.0216610189527273
     656.4433622414943557       1.0345593802630901
     656.4435623749166098       0.9566681571304798
     656.4437625083388639       1.0007257527322508
     656.4439626417612317       0.9419748671352863
     656.4441627751834858       0.9729171041399240
     656.4443629086057399       0.9647471010684967
     656.4445630420279940       0.9751391783356667
     656.4447631754503618       1.0251037124544382
     656.4449633088726159       1.0649144276976585
     656.4451634422948700       1.0387129038572311
     656.4453635757171241       1.0171444881707430
     656.4455637091393783       1.0112933265045285
     656.4457638425617461       0.9349496811628342
     656.4459639759840002       1.0342923812568188
     656.4461641094062543       0.9600452929735184
     656.4463642428285084       0.9291188567876816
     656.4465643762508762       1.0630245879292488
     656.4467645096731303       0.9926732182502747
     656.4469646430953844       0.9773604851216078
     656.4471647765176385       0.9206475839018822
     656.4473649099400063       0.9934983029961586
     656.4475650433622604       0.9340973570942879
     656.4477651767845146       1.0252923406660557
     656.4479653102067687       1.0521578751504421
     656.4481654436291365       1.0278511084616184
     656.4483655770513906       1.0616895072162151
     656.4485657104736447       0.9605625644326210
     656.4487658438958988       1.0062794196419418
     656.4489659773182666       1.0227471757680178
     656.4491661107405207       0.9771858658641577
     656.4493662441627748       1.0288377050310373
     656.4495663775850289       1.0322030894458294
     656.4497665110073967       1.1108505651354790
     656.4499666444296508       0.9850058639422059
     656.4501667778519050       0.9883057158440351
     656.4503669112741591       1.1078797504305840
     656.4505670446965269       1.0240828599780798
     656.4507671781187810       1.0336977541446686
     656.4509673115410351       0.9573242999613285
     656.4511674449632892       1.0384949073195457
     656.4513675783855433       1.0354704223573208
     656.4515677118079111       0.9734157826751471
     656.4517678452301652       0.9885252090170979
     656.4519679786524193       1.0103604337200522
     656.4521681120746734       1.0079177720472217
     656.4523682454970412       1.0108689181506634
     656.4525683789192954       1.0261271689087152
     656.4527685123415495       1.0188387222588062
     656.4529686457638036       1.0086041390895844
     656.4531687791861714       1.0157690010964870
     656.4533689126084255       0.9578712061047554
     656.4535690460306796       1.0045409472659230
     656.4537691794529337       0.9357260242104530
     656.4539693128753015       1.0613254196941853
     656.4541694462975556       0.8993131890892982
     656.4543695797198097       0.9848438994958997
     656.4545697131420638       0.9746644943952560
     656.4547698465644316       1.0405243970453739
     656.4549699799866858       0.9659489169716835
     656.4551701134089399       1.0540002249181271
     656.4553702468311940       0.9559260159730911
     656.4555703802535618       1.0255046971142292
     656.4557705136758159       0.8842773884534836
     656.4559706470980700       1.0337259694933891
     656.4561707805203241       0.9965822580270469
     656.4563709139425782       0.8962550535798073
     656.4565710473649460       0.9895049491897225
     656.4567711807872001       0.9185151979327202
     656.4569713142094542       1.1440441161394119
     656.4571714476317084       0.9555389098823071
     656.4573715810540762       1.0410612374544144
     656.4575717144763303       0.9917341927066445
     656.4577718478985844       1.0812902823090553
     656.4579719813208385       0.9684630259871483
     656.4581721147432063       0.9750518277287483
     656.4583722481654604       1.0875435099005699
     656.4585723815877145       0.9494438283145428
     656.4587725150099686       1.0636854097247124
     656.4589726484323364       1.0099681382998824
     656.4591727818545905       1.0706076547503471
     656.4593729152768447       1.0482912249863148
     656.4595730486990988       1.0564871728420258
     656.4597731821214666       1.0532900094985962
     656.4599733155437207       0.9594473242759705
     656.4601734489659748       0.8962584733963013
     656.4603735823882289       0.9777060914784670
     656.4605737158105967       1.0029506143182516
     656.4607738492328508       0.9680653847754002
     656.4609739826551049       0.9868176532909274
     656.4611741160773590       0.9631014354526997
     656.4613742494997268       0.9906821930781007
     656.4615743829219809       0.9846903467550874
     656.4617745163442351       1.0113727152347565
     656.4619746497664892       1.0523441806435585
     656.4621747831887433       1.0436887480318546
     656.4623749166111111       0.9392430521547794
     656.4625750500333652       1.0481865033507347
     656.4627751834556193       1.0689183324575424
     656.4629753168778734       0.9496206641197205
     656.4631754503002412       0.9953743652440608
     656.4633755837224953       0.9517053402960300
     656.4635757171447494       1.0077438279986382
     656.4637758505670035       1.0944773927330971
     656.4639759839893713       1.0667448416352272
     656.4641761174116255       1.0652199089527130
     656.4643762508338796       0.9420677013695240
     656.4645763842561337       0.9586549773812294
     656.4647765176785015       0.9997382471919991
     656.4649766511007556       0.9335264936089516
     656.4651767845230097       1.0033267976250499
     656.4653769179452638       1.0420617125928402
     656.4655770513676316       0.9741729348897934
     656.4657771847898857       0.9873204911127687
     656.4659773182121398       0.8830497860908508
     656.4661774516343939       1.0303514953702688
     656.4663775850567617       0.9344452917575836
     656.4665777184790159       0.9826567955315113
     656.4667778519012700       1.0201596245169640
     656.4669779853235241       1.0463685840368271
     656.4671781187458919       0.9654599875211716
     656.4673782521681460       0.9885625625029206
     656.4675783855904001       1.0523856244981289
     656.4677785190126542       0.9607093669474125
     656.4679786524349083       1.0195796918123960
     656.4681787858572761       0.9609071351587772
     656.4683789192795302       1.0283089019358158
     656.4685790527017843       1.1531423777341843
     656.4687791861240385       0.8965520933270454
     656.4689793195464063       0.9975735298357904
     656.4691794529686604       0.9531308598816395
     656.4693795863909145       1.0378800295293331
     656.4695797198131686       1.0239844825118780
     656.4697798532355364       1.0013247899478301
     656.4699799866577905       0.9442634917795658
     656.4701801200800446       1.0035002080257982
     656.4703802535022987       1.0193278286606073
     656.4705803869246665       0.9975740360096097
     656.4707805203469206       0.9693873636424541
     656.4709806537691748       1.0630212426185608
     656.4711807871914289       0.9804078862071037
     656.4713809206137967       1.0080523556098342
     656.4715810540360508       1.0473251305520535
     656.4717811874583049       1.0047829910181463
     656.4719813208805590       0.9836082700639963
     656.4721814543029268       1.1203464865684509
     656.4723815877251809       0.9719517026096582
     656.4725817211474350       0.9068577513098717
     656.4727818545696891       1.0390266664326191
     656.4729819879919432       1.0752403661608696
     656.4731821214143110       0.9247153773903847
     656.4733822548365652       1.0315209776163101
     656.4735823882588193       0.9797838814556599
     656.4737825216810734       1.0135828284546733
     656.4739826551034412       1.0207134019583464
     656.4741827885256953       1.0458259060978889
     656.4743829219479494       0.8987210765480995
     656.4745830553702035       1.0581406950950623
     656.4747831887925713       1.0801741033792496
     656.4749833222148254       1.0492494553327560
     656.4751834556370795       0.9033496528863907
     656.4753835890593336       1.1289249956607819
     656.4755837224817014       0.9648187346756458
     656.4757838559039556       0.9710100088268518
     656.4759839893262097       0.9533809833228588
     656.4761841227484638       0.9934828244149685
     656.4763842561708316       1.0219284612685442
     656.4765843895930857       1.0463331751525402
     656.4767845230153398       0.9712830446660519
     656.4769846564375939       1.0458020083606243
     656.4771847898599617       0.9151020422577858
     656.4773849232822158       0.9772615265101194
     656.4775850567044699       1.0613900013267994
     656.4777851901267240       0.9312053769826889
     656.4779853235490918       0.9817135538905859
     656.4781854569713460       0.9977900390513241
     656.4783855903936001       0.9632545039057732
     656.4785857238158542       1.0337272770702839
     656.4787858572381083       0.9995160498947371
     656.4789859906604761       0.9910023305565119
     656.4791861240827302       1.0346972160041332
     656.4793862575049843       0.9808755423873663
     656.4795863909272384       0.9859627913683653
     656.4797865243496062       0.9678404144942760
     656.4799866577718603       1.0551229305565357
     656.4801867911941144       1.0654687434434891
     656.4803869246163686       0.9825022462755442
     656.4805870580387364       1.1176257058978081
     656.4807871914609905       0.9432565085589886
     656.4809873248832446       0.9239247068762779
     656.4811874583054987       1.0171061027795076
     656.4813875917278665       1.0732887461781502
     656.4815877251501206       1.0691766738891602
     656.4817878585723747       0.9444990456104279
     656.4819879919946288       1.0537021718919277
     656.4821881254169966       0.9216632619500160
     656.4823882588392507       1.0046463101170957
     656.4825883922615049       1.0183962639421225
     656.4827885256837590       0.9930490343831480
     656.4829886591061268       0.9396860487759113
     656.4831887925283809       0.9783295486122370
     656.4833889259506350       1.0498005077242851
     656.4835890593728891       1.0943764671683311
     656.4837891927951432       1.0573404207825661
     656.4839893262175110       0.9877534369006753
     656.4841894596397651       1.0416172482073307
     656.4843895930620192       0.9534487910568714
     656.4845897264842733       1.0022708086762577
     656.4847898599066411       0.9691112190485001
     656.4849899933288953       1.0081299794837832
     656.4851901267511494       0.9145316854119301
     656.4853902601734035       0.9441677629947662
     656.4855903935957713       1.0257726348936558
     656.4857905270180254       1.0418739654123783
     656.4859906604402795       1.0820505842566490
     656.4861907938625336       1.0381259359419346
     656.4863909272849014       1.0574908442795277
     656.4865910607071555       1.0328431539237499
     656.4867911941294096       1.0372315607964993
     656.4869913275516637       0.9564857371151447
     656.4871914609740315       0.9310715496540070
     656.4873915943962857       0.9813047666102648
     656.4875917278185398       0.9848724082112312
     656.4877918612407939       0.9812674168497324
     656.4879919946631617       1.0507230870425701
     656.4881921280854158       0.9939005807973444
     656.4883922615076699       1.0210537649691105
     656.4885923949299240       1.0235598813742399
     656.4887925283522918       0.9617469161748886
     656.4889926617745459       1.0234433449804783
     656.4891927951968000       0.9309215620160103
     656.4893929286190541       0.9341390877962112
     656.4895930620413083       1.0683756694197655
     656.4897931954636761       1.0293137039989233
     656.4899933288859302       0.9938986739143729
     656.4901934623081843       0.9627680480480194
     656.4903935957304384       0.9525242932140827
     656.4905937291528062       1.0244113691151142
     656.4907938625750603       0.9294497370719910
     656.4909939959973144       0.9790023565292358
     656.4911941294195685       0.9300254061818123
     656.4913942628419363       0.9928004690445960
     656.4915943962641904       1.0380315594375134
     656.4917945296864445       1.0664297267794609
     656.4919946631086987       0.9836109336465597
     656.4921947965310665       0.9776984620839357
     656.4923949299533206       0.9729583580046892
     656.4925950633755747       1.0017795379972085
     656.4927951967978288       0.9200002551078796
     656.4929953302201966       0.8847301006317139
     656.4931954636424507       0.9952706401236355
     656.4933955970647048       0.9824760742485523
     656.4935957304869589       1.0403153039515018
     656.4937958639093267       0.9926123684272170
     656.4939959973315808       0.9837802965193987
     656.4941961307538350       1.0110633997246623
     656.4943962641760891       0.8788530230522156
     656.4945963975983432       0.9989883300149813
     656.4947965310207110       1.0223415698856115
     656.4949966644429651       0.9603226222097874
     656.4951967978652192       1.0193850789219141
     656.4953969312874733       1.0327506102621555
     656.4955970647098411       0.9572043009102345
     656.4957971981320952       0.9888247465714812
     656.4959973315543493       0.9971704522613436
     656.4961974649766034       0.9842330086976290
     656.4963975983989712       1.0280562732368708
     656.4965977318212254       0.9610635153949261
     656.4967978652434795       1.0097264871001244
     656.4969979986657336       1.0096236085519195
     656.4971981320881014       1.0354599617421627
     656.4973982655103555       0.9711031913757324
     656.4975983989326096       1.0122030479833484
     656.4977985323548637       0.9863984072580934
     656.4979986657772315       0.9258062988519669
     656.4981987991994856       0.9858851786702871
     656.4983989326217397       1.0970283523201942
     656.4985990660439938       1.0975349918007851
     656.4987991994663616       0.9513538964092731
     656.4989993328886158       0.9714328814297915
     656.4991994663108699       0.8901029825210571
     656.4993995997331240       1.0204528830945492
     656.4995997331554918       1.0448039434850216
     656.4997998665777459       0.9593842364847660
     656.5000000000000000       0.9783316943794489
