     656.2000000000000455       0.9767700303345919
     656.2002001334222996       1.0288883540779352
     656.2004002668445537       1.0940723940730095
     656.2006004002669215       1.0201554838567972
     656.2008005336891756       0.9544134475290775
     656.2010006671114297       1.0774810910224915
     656.2012008005336838       1.0767173469066620
     656.2014009339560516       1.0627292916178703
     656.2016010673783057       1.0326382853090763
     656.2018012008005599       0.9808090720325708
     656.2020013342228140       0.9883763091638684
     656.2022014676451818       1.0126647176221013
     656.2024016010674359       1.0434158109128475
     656.2026017344896900       1.0030325856059790
     656.2028018679119441       1.0293161720037460
     656.2030020013343119       1.0257212612777948
     656.2032021347565660       1.0447148196399212
     656.2034022681788201       0.9917207295075059
     656.2036024016010742       1.0162689965218306
     656.2038025350234420       1.0323731712996960
     656.2040026684456961       0.9306737408041954
     656.2042028018679503       1.0179249290376902
     656.2044029352902044       0.9923963290639222
     656.2046030687125722       0.9952944084070623
     656.2048032021348263       1.0689628049731255
     656.2050033355570804       1.0601904578506947
     656.2052034689793345       0.9968782705254853
     656.2054036024017023       0.9869843078777194
     656.2056037358239564       0.9360102340579033
     656.2058038692462105       1.0552488826215267
     656.2060040026684646       1.0025335506070405
     656.2062041360907187       1.0610948279500008
     656.2064042695130865       0.9893752858042717
     656.2066044029353407       0.9813319649547338
     656.2068045363575948       0.9438962675631046
     656.2070046697798489       1.0609844215214252
     656.2072048032022167       0.9021760001778603
     656.2074049366244708       1.0242852997034788
     656.2076050700467249       0.8370460718870163
     656.2078052034689790       0.9706625249236822
     656.2080053368913468       0.9482739269733429
     656.2082054703136009       0.9609387777745724
     656.2084056037358550       1.0328888520598412
     656.2086057371581092       1.1414955854415894
     656.2088058705804769       1.0500505082309246
     656.2090060040027311       1.0186033751815557
     656.2092061374249852       0.9600017964839935
     656.2094062708472393       0.9653199948370457
     656.2096064042696071       1.0702546462416649
     656.2098065376918612       1.0282441023737192
     656.2100066711141153       0.9693491104990244
     656.2102068045363694       0.9652158878743649
     656.2104069379587372       0.9306965395808220
     656.2106070713809913       1.0165493767708540
     656.2108072048032454       0.9897769279778004
     656.2110073382254996       1.0528927631676197
     656.2112074716477537       1.0532504394650459
     656.2114076050701215       1.0277615766972303
     656.2116077384923756       1.0001417090388713
     656.2118078719146297       1.0581618063151836
     656.2120080053368838       1.0599339380860329
     656.2122081387592516       0.9669646769762039
     656.2124082721815057       1.0089446799829602
     656.2126084056037598       1.0402242280542850
     656.2128085390260139       1.0360725484788418
     656.2130086724483817       0.9251113384962082
     656.2132088058706358       1.0251657515764236
     656.2134089392928900       0.9592416994273663
     656.2136090727151441       0.9190981686115265
     656.2138092061375119       1.0718409195542336
     656.2140093395597660       0.8576522320508957
     656.2142094729820201       0.9332957416772842
     656.2144096064042742       0.9815269578248262
     656.2146097398266420       0.9218665137887001
     656.2148098732488961       0.9659195281565189
     656.2150100066711502       0.9892324125394225
     656.2152101400934043       1.0203465092927217
     656.2154102735157721       1.0265542101114988
     656.2156104069380262       1.0210061054676771
     656.2158105403602804       1.0932525545358658
     656.2160106737825345       1.0162851121276617
     656.2162108072049023       0.9454813599586487
     656.2164109406271564       1.0344822742044926
     656.2166110740494105       1.0730260834097862
     656.2168112074716646       0.9991801171563566
     656.2170113408939187       0.9950457056984305
     656.2172114743162865       0.9168008118867874
     656.2174116077385406       1.0080651938915253
     656.2176117411607947       0.9724899642169476
     656.2178118745830488       1.0007308225613087
     656.2180120080054166       0.9385961517691612
     656.2182121414276708       1.1156174540519714
     656.2184122748499249       1.0314694382250309
     656.2186124082721790       0.9834310747683048
     656.2188125416945468       1.0380646064877510
     656.2190126751168009       1.0239510107785463
     656.2192128085390550       0.9661031924188137
     656.2194129419613091       0.9073019996285439
     656.2196130753836769       1.0196611080318689
     656.2198132088059310       0.9664262235164642
     656.2200133422281851       1.0230619627982378
     656.2202134756504392       1.0197757389396429
     656.2204136090728070       0.9368245080113411
     656.2206137424950612       1.0344666354358196
     656.2208138759173153       1.0381178185343742
     656.2210140093395694       0.9505757056176662
     656.2212141427619372       1.0631984844803810
     656.2214142761841913       0.9279600456357002
     656.2216144096064454       1.0660986974835396
     656.2218145430286995       0.9559085257351398
     656.2220146764509536       1.0298736523836851
     656.2222148098733214       0.9188482835888863
     656.2224149432955755       1.0139581430703402
     656.2226150767178297       0.9288846403360367
     656.2228152101400838       1.0407720059156418
     656.2230153435624516       0.9663317017257214
     656.2232154769847057       0.9861876824870706
     656.2234156104069598       0.9677534289658070
     656.2236157438292139       1.0335969664156437
     656.2238158772515817       0.9815206434577703
     656.2240160106738358       0.9864971423521638
     656.2242161440960899       1.0086530409753323
     656.2244162775183440       1.0880291461944580
     656.2246164109407118       1.0504957810044289
     656.2248165443629659       1.0029238064307719
     656.2250166777852201       1.0106505490839481
     656.2252168112074742       0.8725270926952362
     656.2254169446298420       0.8953069448471069
     656.2256170780520961       0.9553068131208420
     656.2258172114743502       1.0270949210971594
     656.2260173448966043       1.0675602182745934
     656.2262174783189721       0.9879239127039909
     656.2264176117412262       0.9354949370026588
     656.2266177451634803       1.0097415279597044
     656.2268178785857344       1.0574197880923748
     656.2270180120081022       1.0231526307761669
     656.2272181454303563       1.0625195801258087
     656.2274182788526105       1.0257079657167196
     656.2276184122748646       1.0181839652359486
     656.2278185456971187       1.0231579411774874
     656.2280186791194865       0.9970798103604466
     656.2282188125417406       1.0435162223875523
     656.2284189459639947       1.0976793393492699
     656.2286190793862488       1.0317153707146645
     656.2288192128086166       0.9861620934680104
     656.2290193462308707       0.9312405884265900
     656.2292194796531248       0.9315710663795471
     656.2294196130753789       1.0182158630341291
     656.2296197464977467       1.0429744087159634
     656.2298198799200009       1.0232508219778538
     656.2300200133422550       0.9935395033098757
     656.2302201467645091       1.0039355563931167
     656.2304202801868769       1.0056372908875346
     656.2306204136091310       1.0135272713378072
     656.2308205470313851       0.9773887116461992
     656.2310206804536392       1.0887647047638893
     656.2312208138760070       0.9366677254438400
     656.2314209472982611       0.9847657540813088
     656.2316210807205152       1.0750597342848778
     656.2318212141427693       0.9579998739063740
     656.2320213475651371       0.9934319159947336
     656.2322214809873913       0.9958262387663126
     656.2324216144096454       1.0256528239697218
     656.2326217478318995       0.9857405750080943
     656.2328218812541536       0.9766273610293865
     656.2330220146765214       1.0533955879509449
     656.2332221480987755       0.9771552942693233
     656.2334222815210296       0.9410772807896137
     656.2336224149432837       0.9938020813278854
     656.2338225483656515       0.9204744771122932
     656.2340226817879056       1.0161129757761955
     656.2342228152101598       1.0049130925908685
     656.2344229486324139       1.0051654069684446
     656.2346230820547817       0.8724458515644073
     656.2348232154770358       0.9968428250867873
     656.2350233488992899       0.9387715682387352
     656.2352234823215440       1.0643815398216248
     656.2354236157439118       1.0288767814636230
     656.2356237491661659       1.0388727970421314
     656.2358238825884200       0.9789248611778021
     656.2360240160106741       0.9585054330527782
     656.2362241494330419       0.9548691511154175
     656.2364242828552960       1.0549317374825478
     656.2366244162775502       0.9588529020547867
     656.2368245496998043       1.0070984200574458
     656.2370246831221721       0.9682568423449993
     656.2372248165444262       1.1050169393420219
     656.2374249499666803       0.9881872115656734
     656.2376250833889344       0.9854607926681638
     656.2378252168113022       0.9636407494544983
     656.2380253502335563       1.0575708858668804
     656.2382254836558104       1.0825532004237175
     656.2384256170780645       0.9990504286834039
     656.2386257505003186       1.0874578580260277
     656.2388258839226864       1.0103708142414689
     656.2390260173449406       0.9338997006416321
     656.2392261507671947       1.0495903566479683
     656.2394262841894488       0.9908263441175222
     656.2396264176118166       1.0225982554256916
     656.2398265510340707       1.0496027767658234
     656.2400266844563248       1.0908399745821953
     656.2402268178785789       1.0831926986575127
     656.2404269513009467       0.9983661966398358
     656.2406270847232008       1.0391641184687614
     656.2408272181454549       1.0544561333954334
     656.2410273515677090       1.0685912296175957
     656.2412274849900768       1.0140890805050731
     656.2414276184123310       1.0349697247147560
     656.2416277518345851       1.0406855754554272
     656.2418278852568392       0.9964569921139628
     656.2420280186792070       0.8736439794301987
     656.2422281521014611       0.8995410203933716
     656.2424282855237152       0.9956922684796154
     656.2426284189459693       0.9821418076753616
     656.2428285523683371       0.9332687780261040
     656.2430286857905912       0.9708910193294287
     656.2432288192128453       1.0156495664268732
     656.2434289526350994       0.9606416560709476
     656.2436290860574672       1.0146005032584071
     656.2438292194797214       0.9990343149402179
     656.2440293529019755       1.0168329905718565
     656.2442294863242296       0.9472134634852409
     656.2444296197464837       0.9660233445465565
     656.2446297531688515       1.0803856179118156
     656.2448298865911056       0.9706217665225267
     656.2450300200133597       1.0537478290498257
     656.2452301534356138       0.9807163514196873
     656.2454302868579816       1.0477265678346157
     656.2456304202802357       0.9983477990608662
     656.2458305537024899       0.9886500919237733
     656.2460306871247440       0.9907125551253557
     656.2462308205471118       0.9254483655095100
     656.2464309539693659       0.9730567336082458
     656.2466310873916200       1.0096269706264138
     656.2468312208138741       1.0169652886688709
     656.2470313542362419       1.0629906505346298
     656.2472314876584960       0.9841362796723843
     656.2474316210807501       1.0259657334536314
     656.2476317545030042       1.0281512197107077
     656.2478318879253720       1.0087790070101619
     656.2480320213476261       0.9022064879536629
     656.2482321547698803       0.9859514059498906
     656.2484322881921344       1.0770125016570091
     656.2486324216145022       0.8914387673139572
     656.2488325550367563       1.0523382239043713
     656.2490326884590104       1.0503993742167950
     656.2492328218812645       0.8934857696294785
     656.2494329553035186       0.9468029476702213
     656.2496330887258864       0.9586128406226635
     656.2498332221481405       0.9410808496177197
     656.2500333555703946       0.9432796426117420
     656.2502334889926487       0.9634238667786121
     656.2504336224150165       1.0188817624002695
     656.2506337558372707       0.9735402315855026
     656.2508338892595248       1.1138014569878578
     656.2510340226817789       0.9736360311508179
     656.2512341561041467       1.0251322984695435
     656.2514342895264008       1.0468862690031528
     656.2516344229486549       0.9639149643480778
     656.2518345563709090       0.9353157654404640
     656.2520346897932768       0.9496420137584209
     656.2522348232155309       0.9162014350295067
     656.2524349566377850       1.0469508878886700
     656.2526350900600391       1.0105891646817327
     656.2528352234824069       0.8940376117825508
     656.2530353569046611       1.0263256430625916
     656.2532354903269152       1.0568433701992035
     656.2534356237491693       1.0890754088759422
     656.2536357571715371       0.9974885380361229
     656.2538358905937912       1.0504910536110401
     656.2540360240160453       0.9787815306335688
     656.2542361574382994       1.0155886132270098
     656.2544362908606672       0.9500963278114796
     656.2546364242829213       0.9829479269683361
     656.2548365577051754       0.9622911140322685
     656.2550366911274295       1.0421182401478291
     656.2552368245496837       1.0249847918748856
     656.2554369579720515       0.9896468156948686
     656.2556370913943056       1.0573518052697182
     656.2558372248165597       0.9515059217810631
     656.2560373582388138       0.9885046128183603
     656.2562374916611816       1.0707892775535583
     656.2564376250834357       1.0428887456655502
     656.2566377585056898       1.0024521183222532
     656.2568378919279439       1.0013192979386076
     656.2570380253503117       1.0313836447894573
     656.2572381587725658       1.0476579628884792
     656.2574382921948200       1.0011547351023182
     656.2576384256170741       1.0555911473929882
     656.2578385590394419       1.0124894557520747
     656.2580386924616960       1.0259658824652433
     656.2582388258839501       1.0010313158854842
     656.2584389593062042       1.0181487649679184
     656.2586390927285720       0.9512121453881264
     656.2588392261508261       1.0358369238674641
     656.2590393595730802       1.0692723765969276
     656.2592394929953343       1.0201809387654066
     656.2594396264177021       1.0153369931504130
     656.2596397598399562       0.8432048410177231
     656.2598398932622104       0.9349911883473396
     656.2600400266844645       1.0948568060994148
     656.2602401601067186       1.1138182505965233
     656.2604402935290864       0.9514632262289524
     656.2606404269513405       1.0160683803260326
     656.2608405603735946       1.0531421303749084
     656.2610406937958487       0.9552021548151970
     656.2612408272182165       1.0127833280712366
     656.2614409606404706       0.9914672859013081
     656.2616410940627247       1.0195199660956860
     656.2618412274849788       1.0052586840465665
     656.2620413609073466       0.9715223181992769
     656.2622414943296008       0.9284883812069893
     656.2624416277518549       0.9669072702527046
     656.2626417611741090       1.0303712040185928
     656.2628418945964768       1.0254481863230467
     656.2630420280187309       0.9607310742139816
     656.2632421614409850       1.0508049689233303
     656.2634422948632391       0.9739206042140722
     656.2636424282856069       1.0816371217370033
     656.2638425617078610       0.9453489407896996
     656.2640426951301151       1.0196950118988752
     656.2642428285523692       0.9375061877071857
     656.2644429619747370       1.0316269509494305
     656.2646430953969912       1.0101981749758124
     656.2648432288192453       1.0289147943258286
     656.2650433622414994       1.0260530021041632
     656.2652434956638672       1.0089727630838752
     656.2654436290861213       0.9768714029341936
     656.2656437625083754       1.0099423341453075
     656.2658438959306295       0.9990819157683291
     656.2660440293528836       0.9115864112973213
     656.2662441627752514       1.0294920597225428
     656.2664442961975055       1.0246678311377764
     656.2666444296197596       0.9871553834527731
     656.2668445630420138       0.9215694889426231
     656.2670446964643816       0.9860151186585426
     656.2672448298866357       0.9865809204056859
     656.2674449633088898       1.0312192644923925
     656.2676450967311439       0.9293840453028679
     656.2678452301535117       1.0131465336307883
     656.2680453635757658       1.0011197132989764
     656.2682454969980199       0.9248274266719818
     656.2684456304202740       0.9534649997949600
     656.2686457638426418       1.0172069501131773
     656.2688458972648959       0.8893052190542221
     656.2690460306871501       1.0432116501033306
     656.2692461641094042       0.9428478665649891
     656.2694462975317720       1.0485660769045353
     656.2696464309540261       0.9482299722731113
     656.2698465643762802       0.9289043545722961
     656.2700466977985343       1.0280151553452015
     656.2702468312209021       0.9532357342541218
     656.2704469646431562       1.1116693019866943
     656.2706470980654103       1.0714032948017120
     656.2708472314876644       1.0489911548793316
     656.2710473649099185       1.0572848990559578
     656.2712474983322863       1.0076586008071899
     656.2714476317545405       0.9405865110456944
     656.2716477651767946       0.9824427273124456
     656.2718478985990487       0.9565661102533340
     656.2720480320214165       0.9328209236264229
     656.2722481654436706       0.9184506759047508
     656.2724482988659247       1.0742938816547394
     656.2726484322881788       1.0153933977708220
     656.2728485657105466       1.0085370000451803
     656.2730486991328007       0.9281081855297089
     656.2732488325550548       1.0046729738824069
     656.2734489659773089       1.0010178812080994
     656.2736490993996767       0.9316683039069176
     656.2738492328219309       0.9665509350597858
     656.2740493662441850       0.9891108814626932
     656.2742494996664391       1.0897363796830177
     656.2744496330888069       1.0360330156981945
     656.2746497665110610       1.0222030337899923
     656.2748498999333151       0.9224792048335075
     656.2750500333555692       0.9898954294621944
     656.2752501667779370       1.0357523187994957
     656.2754503002001911       1.0066807693801820
     656.2756504336224452       0.9935572049580514
     656.2758505670446993       1.0634250566363335
     656.2760507004670671       0.9691204689443111
     656.2762508338893213       1.0613003671169281
     656.2764509673115754       1.0712373033165932
     656.2766511007338295       0.9898193655535579
     656.2768512341560836       1.0713740512728691
     656.2770513675784514       1.0407976806163788
     656.2772515010007055       1.0474653728306293
     656.2774516344229596       1.0501673221588135
     656.2776517678452137       0.9612712785601616
     656.2778519012675815       1.0427961796522141
     656.2780520346898356       1.0357391163706779
     656.2782521681120897       0.9558685943484306
     656.2784523015343439       1.0414727739989758
     656.2786524349567117       0.9358008280396461
     656.2788525683789658       0.9944547293707728
     656.2790527018012199       1.0186730828136206
     656.2792528352234740       1.0611395798623562
     656.2794529686458418       1.0669663771986961
     656.2796531020680959       0.8771461248397827
     656.2798532354903500       0.9734132345765829
     656.2800533689126041       0.9191767647862434
     656.2802535023349719       0.9714647494256496
     656.2804536357572260       1.0793271362781525
     656.2806537691794802       1.0315425433218479
     656.2808539026017343       0.8988611698150635
     656.2810540360241021       0.9993957643746398
     656.2812541694463562       1.0402421876788139
     656.2814543028686103       1.0508635751903057
     656.2816544362908644       1.0121087813749909
     656.2818545697131185       1.0373463295400143
     656.2820547031354863       1.0060616149567068
     656.2822548365577404       1.0426395796239376
     656.2824549699799945       1.0104313017800450
     656.2826551034022486       1.0276120454072952
     656.2828552368246164       0.9300804212689400
     656.2830553702468706       0.9991277002845891
     656.2832555036691247       0.9686512686312199
     656.2834556370913788       1.0045481408014894
     656.2836557705137466       1.0207215230911970
     656.2838559039360007       0.9981045778840780
     656.2840560373582548       0.9692465271800756
     656.2842561707805089       0.9755952954292297
     656.2844563042028767       1.0121349291875958
     656.2846564376251308       1.0023645095061511
     656.2848565710473849       0.9516191892325878
     656.2850567044696390       0.9861505264416337
     656.2852568378920068       1.1024134382605553
     656.2854569713142610       1.0217325761914253
     656.2856571047365151       0.9991140117053874
     656.2858572381587692       0.9663835652172565
     656.2860573715811370       0.9025899246335030
     656.2862575050033911       0.9589844867587090
     656.2864576384256452       0.9990961582516320
     656.2866577718478993       1.0272799413651228
     656.2868579052702671       0.9650832042098045
     656.2870580386925212       1.0592751093208790
     656.2872581721147753       1.0158687848597765
     656.2874583055370294       1.0326491519808769
     656.2876584389592836       1.0494485944509506
     656.2878585723816514       0.9946178612299263
     656.2880587058039055       0.8256478905677795
     656.2882588392261596       1.0096291871741414
     656.2884589726484137       1.0123769557103515
     656.2886591060707815       1.1047942414879799
     656.2888592394930356       1.0254140589386225
     656.2890593729152897       1.0354621708393097
     656.2892595063375438       0.9608485922217369
     656.2894596397599116       0.9821373987942934
     656.2896597731821657       0.9377389550209045
     656.2898599066044198       0.9876203304156661
     656.2900600400266740       0.9862696630880237
     656.2902601734490418       0.8547513931989670
     656.2904603068712959       1.0156255420297384
     656.2906604402935500       1.0498495548963547
     656.2908605737158041       1.0124990930780768
     656.2910607071381719       1.0168460961431265
     656.2912608405604260       0.9799902234226465
     656.2914609739826801       0.9532103389501572
     656.2916611074049342       1.0617136433720589
     656.2918612408273020       1.0668799057602882
     656.2920613742495561       1.0331583693623543
     656.2922615076718103       1.0073995860293508
     656.2924616410940644       1.0157073400914669
     656.2926617745164322       1.1191782951354980
     656.2928619079386863       1.0441284887492657
     656.2930620413609404       1.0608224086463451
     656.2932621747831945       1.0106593808159232
     656.2934623082054486       0.9716062955558300
     656.2936624416278164       1.0493561439216137
     656.2938625750500705       0.9285355657339096
     656.2940627084723246       0.9836177323013544
     656.2942628418945787       0.9380669333040714
     656.2944629753169465       1.0472459904849529
     656.2946631087392007       0.9517001546919346
     656.2948632421614548       0.9727550260722637
     656.2950633755837089       1.0023484346456826
     656.2952635090060767       0.9312403202056885
     656.2954636424283308       1.0310825761407614
     656.2956637758505849       0.9436806477606297
     656.2958639092728390       0.8900896981358528
     656.2960640426952068       1.0156162306666374
     656.2962641761174609       0.9527623988687992
     656.2964643095397150       0.9567570425570011
     656.2966644429619691       0.9857904324308038
     656.2968645763843369       1.0159576572477818
     656.2970647098065911       0.9987165749771520
     656.2972648432288452       0.9265561476349831
     656.2974649766510993       1.1361526697874069
     656.2976651100734671       1.0120367771014571
     656.2978652434957212       0.9261110052466393
     656.2980653769179753       0.8978359103202820
     656.2982655103402294       0.9657740965485573
     656.2984656437624835       1.0340922288596630
     656.2986657771848513       0.9309926703572273
     656.2988659106071054       1.0343085527420044
     656.2990660440293595       1.0530015416443348
     656.2992661774516137       1.0446128696203232
     656.2994663108739815       0.9569512642920017
     656.2996664442962356       0.9782290011644363
     656.2998665777184897       0.9643078967928886
     656.3000667111407438       0.9160786941647530
     656.3002668445631116       0.9886329658329487
     656.3004669779853657       1.0623834393918514
     656.3006671114076198       1.0738252848386765
     656.3008672448298739       0.9225710704922676
     656.3010673782522417       0.9983701222809032
     656.3012675116744958       0.9957538791932166
     656.3014676450967499       1.0331216789782047
     656.3016677785190041       0.9844206282868981
     656.3018679119413719       0.9780546817928553
     656.3020680453636260       0.9840344283729792
     656.3022681787858801       1.1178055405616760
     656.3024683122081342       1.0127085214480758
     656.3026684456305020       0.9283537045121193
     656.3028685790527561       1.0066233836114407
     656.3030687124750102       0.9996292328578420
     656.3032688458972643       0.9695744458585978
     656.3034689793196321       0.9412536360323429
     656.3036691127418862       1.0347611494362354
     656.3038692461641403       1.0079222125932574
     656.3040693795863945       1.0394614450633526
     656.3042695130086486       0.8920088857412338
     656.3044696464310164       0.9248990267515182
     656.3046697798532705       1.0154752535745502
     656.3048699132755246       1.1323147267103195
     656.3050700466977787       1.0088147586211562
     656.3052701801201465       1.0069931359030306
     656.3054703135424006       0.9846018953248858
     656.3056704469646547       0.9980498409131542
     656.3058705803869088       1.0466664396226406
     656.3060707138092766       0.9902464533224702
     656.3062708472315308       0.9582364112138748
     656.3064709806537849       1.0132080335170031
     656.3066711140760390       1.0074125356040895
     656.3068712474984068       0.9193732589483261
     656.3070713809206609       1.0312074404209852
     656.3072715143429150       0.9932780028320849
     656.3074716477651691       0.9303901195526123
     656.3076717811875369       1.0090638361871243
     656.3078719146097910       0.8620697557926178
     656.3080720480320451       0.9704068843275309
     656.3082721814542992       0.9942538593895733
     656.3084723148766670       0.9425504729151726
     656.3086724482989212       1.0475758872926235
     656.3088725817211753       1.0092839179560542
     656.3090727151434294       0.9699171148240566
     656.3092728485656835       1.0312853753566742
     656.3094729819880513       1.0119204288348556
     656.3096731154103054       1.0315063185989857
     656.3098732488325595       1.0512835495173931
     656.3100733822548136       1.0389820188283920
     656.3102735156771814       1.0740459188818932
     656.3104736490994355       0.9056868106126785
     656.3106737825216896       1.0234986748546362
     656.3108739159439438       1.0057032080367208
     656.3110740493663116       0.9558276981115341
     656.3112741827885657       0.9962594497483224
     656.3114743162108198       1.0302232597023249
     656.3116744496330739       0.9502209536731243
     656.3118745830554417       0.9767333809286356
     656.3120747164776958       1.0265111681073904
     656.3122748498999499       1.0638707354664803
     656.3124749833222040       0.9649659879505634
     656.3126751167445718       0.9890887206420302
     656.3128752501668259       0.9676967859268188
     656.3130753835890800       0.9792665634304285
     656.3132755170113342       0.9501972645521164
     656.3134756504337020       1.0024920220021158
     656.3136757838559561       1.0354873090982437
     656.3138759172782102       0.9571203924715519
     656.3140760507004643       0.9659522175788879
     656.3142761841228321       0.9180767983198166
     656.3144763175450862       1.0300986170768738
     656.3146764509673403       0.9507985711097717
     656.3148765843895944       1.0035491806920618
     656.3150767178118485       0.9531650431454182
     656.3152768512342163       1.0051837745122612
     656.3154769846564704       1.0213278457522392
     656.3156771180787246       1.0289368536323309
     656.3158772515009787       0.9687504675239325
     656.3160773849233465       0.9571437649428844
     656.3162775183456006       1.0089135859161615
     656.3164776517678547       1.0138920722529292
     656.3166777851901088       1.0541169904172421
     656.3168779186124766       1.0518607199192047
     656.3170780520347307       1.0369601286947727
     656.3172781854569848       1.0513928532600403
     656.3174783188792389       0.9500676393508911
     656.3176784523016067       1.0416593998670578
     656.3178785857238609       0.9627040885388851
     656.3180787191461150       0.9622016213834286
     656.3182788525683691       1.0978417024016380
     656.3184789859907369       1.0220860876142979
     656.3186791194129910       1.0216934867203236
     656.3188792528352451       0.9697271492332220
     656.3190793862574992       1.0016870702384040
     656.3192795196798670       0.9648728817701340
     656.3194796531021211       0.9733944889158010
     656.3196797865243752       1.0650384575128555
     656.3198799199466293       0.9574020542204380
     656.3200800533688835       1.0355602316558361
     656.3202801867912513       0.9994546695379540
     656.3204803202135054       1.0418918579816818
     656.3206804536357595       1.0244050528854132
     656.3208805870580136       1.0095501458272338
     656.3210807204803814       1.1143822893500328
     656.3212808539026355       1.0790134444832802
     656.3214809873248896       1.0334185920655727
     656.3216811207471437       0.8876776769757271
     656.3218812541695115       1.0520997643470764
     656.3220813875917656       1.0746883898973465
     656.3222815210140197       1.0363582186400890
     656.3224816544362739       0.9405014254152775
     656.3226817878586417       1.0109797054901719
     656.3228819212808958       1.0841516181826591
     656.3230820547031499       0.9948996868915856
     656.3232821881254040       0.9149991348385811
     656.3234823215477718       0.9735373314470053
     656.3236824549700259       0.9353888928890228
     656.3238825883922800       0.9650969542562962
     656.3240827218145341       0.9682804457843304
     656.3242828552369019       0.9999601811978209
     656.3244829886591560       1.0719291493296623
     656.3246831220814101       0.9429571554064751
     656.3248832555036643       1.0016104255337268
     656.3250833889260321       1.0255667846649885
     656.3252835223482862       1.0378265045583248
     656.3254836557705403       0.9277886822819710
     656.3256837891927944       0.9481374621391296
     656.3258839226150485       1.0614273250102997
     656.3260840560374163       0.9472788460552692
     656.3262841894596704       1.0260683596134186
     656.3264843228819245       1.1179954037070274
     656.3266844563041786       0.9873858420178294
     656.3268845897265464       1.0126106860116124
     656.3270847231488005       1.0587194077670574
     656.3272848565710547       0.9328507110476494
     656.3274849899933088       1.0488070622086525
     656.3276851234156766       0.9728521909564734
     656.3278852568379307       0.9777918346226215
     656.3280853902601848       1.0542900860309601
     656.3282855236824389       0.9395523406565189
     656.3284856571048067       0.8288233131170273
     656.3286857905270608       1.0607859566807747
     656.3288859239493149       1.0181069821119308
     656.3290860573715690       0.9787788111716509
     656.3292861907939368       1.0209354273974895
     656.3294863242161910       0.9382056109607220
     656.3296864576384451       1.0053697964176536
     656.3298865910606992       0.9339604750275612
     656.3300867244830670       1.0317649804055691
     656.3302868579053211       1.0489452518522739
     656.3304869913275752       1.0195558425039053
     656.3306871247498293       1.0664671659469604
     656.3308872581721971       1.0138308024033904
     656.3310873915944512       1.0518692918121815
     656.3312875250167053       0.9757916871458291
     656.3314876584389594       0.9946994264610109
     656.3316877918612136       0.9310530647635457
     656.3318879252835814       0.9785099513828749
     656.3320880587058355       1.0031920801848164
     656.3322881921280896       1.0013261338463040
     656.3324883255503437       0.9468400962650758
     656.3326884589727115       1.0097786625847194
     656.3328885923949656       0.9717743452638347
     656.3330887258172197       1.0515647530555665
     656.3332888592394738       1.1048185005783946
     656.3334889926618416       1.0048887184820936
     656.3336891260840957       0.9323985502123637
     656.3338892595063498       0.9637127518653582
     656.3340893929286040       0.9523131363093431
     656.3342895263509718       0.9724977780132869
     656.3344896597732259       0.8719337880610518
     656.3346897931954800       1.0709500014780640
     656.3348899266177341       0.9986694790421009
     656.3350900600401019       1.0388719625768283
     656.3352901934623560       0.9481310471888361
     656.3354903268846101       1.0143012674519620
     656.3356904603068642       1.0154317235565840
     656.3358905937292320       1.0272987280029091
     656.3360907271514861       1.0187102090550335
     656.3362908605737402       0.9645818620895891
     656.3364909939959944       1.0124859455938320
     656.3366911274182485       0.9721419028888681
     656.3368912608406163       1.0221536513348339
     656.3370913942628704       1.0404994822940181
     656.3372915276851245       1.0698568969826256
     656.3374916611073786       0.9094280823870119
     656.3376917945297464       1.0409911200130497
     656.3378919279520005       1.0301779396449047
     656.3380920613742546       0.9937858809182493
     656.3382921947965087       1.0293990428746613
     656.3384923282188765       1.0208859722027777
     656.3386924616411306       1.0545219740329868
     656.3388925950633848       0.9758591649937906
     656.3390927284856389       1.0241939031585612
     656.3392928619080067       0.9382937137012758
     656.3394929953302608       1.0074441777055503
     656.3396931287525149       1.0519360781129852
     656.3398932621747690       0.9796851956927201
     656.3400933955971368       0.9923920720781968
     656.3402935290193909       1.0259920229148696
     656.3404936624416450       0.9854945469819412
     656.3406937958638991       1.0091717098952022
     656.3408939292862669       1.0378742844790818
     656.3410940627085211       0.9579567440604616
     656.3412941961307752       0.9915891955846458
     656.3414943295530293       1.0085523618986505
     656.3416944629753971       1.0489102870926814
     656.3418945963976512       0.9088391846694877
     656.3420947298199053       1.0162428200938720
     656.3422948632421594       1.0316592684083341
     656.3424949966644135       1.0339873109444970
     656.3426951300867813       0.9272068239684842
     656.3428952635090354       1.0063666654975618
     656.3430953969312895       0.9492026062977268
     656.3432955303535437       1.0030870213169325
     656.3434956637759115       0.8990711894453111
     656.3436957971981656       0.9771401270137943
     656.3438959306204197       0.8934450354692979
     656.3440960640426738       1.0070395477371350
     656.3442961974650416       1.0201216696922319
     656.3444963308872957       1.0403097055672621
     656.3446964643095498       1.0051463128323062
     656.3448965977318039       1.0445049461050937
     656.3450967311541717       0.9669316479427070
     656.3452968645764258       1.0054506969369772
     656.3454969979986799       0.9329000510707366
     656.3456971314209341       0.9266954622678144
     656.3458972648433019       0.9394990459996668
     656.3460973982655560       1.0324849968850764
     656.3462975316878101       0.9398644573149040
     656.3464976651100642       1.0392522844846952
     656.3466977985324320       0.9150983562956968
     656.3468979319546861       1.0136826372536225
     656.3470980653769402       1.0167627438586342
     656.3472981987991943       0.9206931155933199
     656.3474983322214484       0.9848723611346968
     656.3476984656438162       0.9192992587336738
     656.3478985990660703       1.0452119736604726
     656.3480987324883245       1.0977316112553261
     656.3482988659105786       1.0396623496993211
     656.3484989993329464       0.9561536340786727
     656.3486991327552005       0.9619525702621814
     656.3488992661774546       0.9739197408342237
     656.3490993995997087       1.0188512167255657
     656.3492995330220765       1.0736640589521587
     656.3494996664443306       1.0413243234220391
     656.3496997998665847       1.0510134040511943
     656.3498999332888388       1.0383285926962413
     656.3501000667112066       1.0233385647077105
     656.3503002001334607       0.9617316331219786
     656.3505003335557149       0.9576068801808080
     656.3507004669779690       0.9699055484916781
     656.3509006004003368       1.0372822381302238
     656.3511007338225909       1.0445083268414246
     656.3513008672448450       1.0033912764581920
     656.3515010006670991       0.9671659939131552
     656.3517011340894669       0.9463331700753637
     656.3519012675117210       0.9968831701326448
     656.3521014009339751       1.0082129756460918
     656.3523015343562292       0.9948124066222858
     656.3525016677785970       1.0063176651128785
     656.3527018012008512       1.0537105958423103
     656.3529019346231053       0.9620584777190622
     656.3531020680453594       0.9855340356933427
     656.3533022014676135       0.9460679210783939
     656.3535023348899813       0.9987452119662573
     656.3537024683122354       0.9956518859593586
     656.3539026017344895       0.9603258074045925
     656.3541027351567436       1.0808898402004226
     656.3543028685791114       1.0452336906209649
     656.3545030020013655       0.9425144844467108
     656.3547031354236196       0.9412129296815213
     656.3549032688458738       1.0587603000638852
     656.3551034022682416       0.9545700827262041
     656.3553035356904957       1.0617906993347885
     656.3555036691127498       1.0438166000530897
     656.3557038025350039       0.9798147653837800
     656.3559039359573717       0.9736921158498942
     656.3561040693796258       1.0721047193275397
     656.3563042028018799       0.9017577484729917
     656.3565043362241340       0.9841752460718501
     656.3567044696465018       1.0272466785997787
     656.3569046030687559       0.9049342118498804
     656.3571047364910100       1.0024609266842401
     656.3573048699132642       1.0393669597902668
     656.3575050033356320       0.8898712241330211
     656.3577051367578861       0.9762387095811429
     656.3579052701801402       0.9859106484445569
     656.3581054036023943       0.9554022516518187
     656.3583055370246484       0.9872992998094986
     656.3585056704470162       1.0307261950420994
     656.3587058038692703       1.0556332042069536
     656.3589059372915244       0.8760776818949036
     656.3591060707137785       0.9628664627459155
     656.3593062041361463       0.9335520945402751
     656.3595063375584004       0.8282084866729917
     656.3597064709806546       0.8575340714850815
     656.3599066044029087       0.9151356883371701
     656.3601067378252765       0.9130278268865191
     656.3603068712475306       0.8736358418030267
     656.3605070046697847       0.8858753124114029
     656.3607071380920388       0.8589044381451298
     656.3609072715144066       0.8207087497007081
     656.3611074049366607       0.7712553488183410
     656.3613075383589148       0.8364080258830960
     656.3615076717811689       0.7660589642460820
     656.3617078052035367       0.8294315212379282
     656.3619079386257908       0.8011292682137691
     656.3621080720480450       0.7232137047150280
     656.3623082054702991       0.7541158435746137
     656.3625083388926669       0.8598135939978997
     656.3627084723149210       0.7959277946254423
     656.3629086057371751       0.7487807623902873
     656.3631087391594292       0.8027339904496729
     656.3633088725817970       0.8133838629686438
     656.3635090060040511       0.7982914925993145
     656.3637091394263052       0.7744726770467201
     656.3639092728485593       0.8200012111550796
     656.3641094062708135       0.8476002001888918
     656.3643095396931813       0.8644129470061740
     656.3645096731154354       0.7743947609011753
     656.3647098065376895       0.9076296609433925
     656.3649099399599436       0.7596669872734900
     656.3651100733823114       0.8591218175451782
     656.3653102068045655       0.7811090547134960
     656.3655103402268196       0.8560492186107773
     656.3657104736490737       0.7894427945343059
     656.3659106070714415       0.8110569166276872
     656.3661107404936956       0.7534319807890767
     656.3663108739159497       0.8486041815646060
     656.3665110073382039       0.8289225904891426
     656.3667111407605717       0.7065168825261305
     656.3669112741828258       0.8023917105872591
     656.3671114076050799       0.8649756008972189
     656.3673115410273340       0.9159598463795897
     656.3675116744497018       0.8702136812879642
     656.3677118078719559       0.8051100232776990
     656.3679119412942100       0.8433867636101664
     656.3681120747164641       0.8714380266331929
     656.3683122081388319       0.9008808466744159
     656.3685123415610860       0.7523697183571177
     656.3687124749833401       0.8806314721812269
     656.3689126084055943       0.9565206518457467
     656.3691127418278484       0.8657482359611606
     656.3693128752502162       0.9111749969887284
     656.3695130086724703       0.8578987654585161
     656.3697131420947244       0.8401743837571671
     656.3699132755169785       0.9225017200333218
     656.3701134089393463       0.9320947695282200
     656.3703135423616004       0.9800332750577723
     656.3705136757838545       0.9305863192963266
     656.3707138092061086       0.9631948195802374
     656.3709139426284764       0.9128869493801919
     656.3711140760507305       0.9163143300333580
     656.3713142094729847       1.0777960033735154
     656.3715143428952388       0.9189204075614876
     656.3717144763176066       0.9621564144618129
     656.3719146097398607       0.9353440634596413
     656.3721147431621148       0.9933619815628525
     656.3723148765843689       0.9630416729551281
     656.3725150100067367       0.9267140908752626
     656.3727151434289908       1.0199176043343949
     656.3729152768512449       1.0167687044999407
     656.3731154102734990       1.0071776651715134
     656.3733155436958668       1.0971326364833152
     656.3735156771181209       0.9472593577135132
     656.3737158105403751       0.9895137545123102
     656.3739159439626292       0.8828333687976028
     656.3741160773849970       0.9544708321166404
     656.3743162108072511       1.0422858149611816
     656.3745163442295052       1.1170359343605827
     656.3747164776517593       0.9667720270552540
     656.3749166110740134       1.0485324206079971
     656.3751167444963812       0.9993051165944524
     656.3753168779186353       1.0199850849430763
     656.3755170113408894       0.9204793235666783
     656.3757171447631436       0.9156364064733717
     656.3759172781855113       0.9889436170682835
     656.3761174116077655       0.9617350751562709
     656.3763175450300196       0.9874735294220558
     656.3765176784522737       0.9502145360790650
     656.3767178118746415       1.0298863079294907
     656.3769179452968956       0.9548518853011683
     656.3771180787191497       0.9316244264379504
     656.3773182121414038       0.9687668370837605
     656.3775183455637716       0.9715712161877978
     656.3777184789860257       0.9688534719890678
     656.3779186124082798       1.0580484943449830
     656.3781187458305340       1.0640094873998525
     656.3783188792529018       1.0014175248670889
     656.3785190126751559       1.0327852077976978
     656.3787191460974100       0.9983937370024373
     656.3789192795196641       1.0235645414578569
     656.3791194129420319       1.0436146176143821
     656.3793195463642860       1.0487064241433655
     656.3795196797865401       1.0549458182111568
     656.3797198132087942       1.0340537182849752
     656.3799199466311620       0.9946360869365560
     656.3801200800534161       0.9287447945232257
     656.3803202134756702       0.9856756364057845
     656.3805203468979244       1.0061662154649946
     656.3807204803201785       1.0030651073822989
     656.3809206137425463       0.9328246832804589
     656.3811207471648004       0.9279932443585458
     656.3813208805870545       1.0357185587043349
     656.3815210140093086       0.9939716227020216
     656.3817211474316764       1.0240931689231954
     656.3819212808539305       0.9677118582909222
     656.3821214142761846       0.9819984780029327
     656.3823215476984387       1.0075877414388756
     656.3825216811208065       0.9559142061571811
     656.3827218145430606       0.9566307228991222
     656.3829219479653148       0.9418006354267021
     656.3831220813875689       1.0372197136741281
     656.3833222148099367       0.9452272221921171
     656.3835223482321908       0.9369084312354301
     656.3837224816544449       0.9562023037612506
     656.3839226150766990       0.9948822542741451
     656.3841227484990668       1.1202616699062555
     656.3843228819213209       1.0686363560786354
     656.3845230153435750       0.9483187994892242
     656.3847231487658291       1.0727007658788914
     656.3849232821881969       1.0827357768891464
     656.3851234156104510       1.0356259045756475
     656.3853235490327052       0.9013217945070803
     656.3855236824549593       0.8897019564404843
     656.3857238158772134       1.0236400217658348
     656.3859239492995812       1.0219771331816225
     656.3861240827218353       0.9678778289015625
     656.3863242161440894       0.9775770972109101
     656.3865243495663435       1.0299821803771880
     656.3867244829887113       1.0705031786267756
     656.3869246164109654       0.8799864652609368
     656.3871247498332195       0.9852679027194451
     656.3873248832554737       1.0226855421214778
     656.3875250166778414       1.0007026939854082
     656.3877251501000956       1.0267763372828127
     656.3879252835223497       1.0183754027323002
     656.3881254169446038       1.0389742710333683
     656.3883255503669716       1.0048875871018379
     656.3885256837892257       1.0452070907277173
     656.3887258172114798       0.9664562391840542
     656.3889259506337339       1.0734972263129881
     656.3891260840561017       1.0201986957414315
     656.3893262174783558       0.9703706342998704
     656.3895263509006099       1.1282030037987782
     656.3897264843228641       0.9982517403518891
     656.3899266177452319       0.9693921055098681
     656.3901267511674860       1.0276211329420093
     656.3903268845897401       0.9610547123081212
     656.3905270180119942       1.0127661664265639
     656.3907271514343620       0.9577988422224998
     656.3909272848566161       0.9531381613654226
     656.3911274182788702       0.9846068396551764
     656.3913275517011243       0.9808785039492205
     656.3915276851233784       0.9429616555257265
     656.3917278185457462       0.9868509620203808
     656.3919279519680003       0.9126922488052942
     656.3921280853902545       1.0621782503908768
     656.3923282188125086       1.0668843164959734
     656.3925283522348764       1.0138980699646378
     656.3927284856571305       0.9742515385110938
     656.3929286190793846       0.9365599974961794
     656.3931287525016387       0.9874598579461542
     656.3933288859240065       1.0404917374239493
     656.3935290193462606       1.0322362221767825
     656.3937291527685147       1.1025501862161620
     656.3939292861907688       0.9929509037169639
     656.3941294196131366       1.0804031416770581
     656.3943295530353907       0.9662953950462504
     656.3945296864576449       0.9973800624719221
     656.3947298198798990       0.9907481493427297
     656.3949299533022668       1.0415628813206428
     656.3951300867245209       1.0366782061755164
     656.3953302201467750       1.0908370837568899
     656.3955303535690291       0.9711557589471111
     656.3957304869913969       0.9521508552133882
     656.3959306204136510       1.0007516374462178
     656.3961307538359051       0.9998474865569662
     656.3963308872581592       0.9726845342665863
     656.3965310206804133       1.0146017372608154
     656.3967311541027811       1.0339237712323643
     656.3969312875250353       1.0178542342036949
     656.3971314209472894       1.1002118140459052
     656.3973315543695435       1.0128363640978926
     656.3975316877919113       0.9269841089844699
     656.3977318212141654       0.9999259425021588
     656.3979319546364195       1.0707826167345045
     656.3981320880586736       1.0210651736706495
     656.3983322214810414       1.0429084710776806
     656.3985323549032955       0.9512106627225876
     656.3987324883255496       1.0305274762213230
     656.3989326217478038       0.9180351421236992
     656.3991327551701715       1.0280934460461140
     656.3993328885924257       0.9790722802281380
     656.3995330220146798       0.9410134293138981
     656.3997331554369339       1.0208487305790186
     656.3999332888593017       1.0295114647597075
     656.4001334222815558       1.0503943860530853
     656.4003335557038099       0.9603393115103245
     656.4005336891260640       1.0401240512728691
     656.4007338225484318       0.9940373823046684
     656.4009339559706859       0.9240161627531052
     656.4011340893929400       1.0128780175000429
     656.4013342228151942       0.9261671677231789
     656.4015343562375620       0.9367185309529305
     656.4017344896598161       1.0172124262899160
     656.4019346230820702       0.9629952758550644
     656.4021347565043243       1.0082897385582328
     656.4023348899265784       1.0926312208175659
     656.4025350233489462       0.9891912071034312
     656.4027351567712003       0.9648620225489140
     656.4029352901934544       1.0023739940952510
     656.4031354236157085       0.9696506522595882
     656.4033355570380763       0.9635480679571629
     656.4035356904603304       0.9724498186260462
     656.4037358238825846       0.9806446582078934
     656.4039359573048387       0.9419841282069683
     656.4041360907272065       0.9835381694138050
     656.4043362241494606       0.9952829610556364
     656.4045363575717147       0.9766416046768427
     656.4047364909939688       1.0164265353232622
     656.4049366244163366       1.1022861599922180
     656.4051367578385907       0.9939676881767809
     656.4053368912608448       1.0057999128475785
     656.4055370246830989       1.1449234485626221
     656.4057371581054667       1.0328902117908001
     656.4059372915277208       0.9669278301298618
     656.4061374249499750       1.0971399024128914
     656.4063375583722291       0.9872798407450318
     656.4065376917945969       1.0238812491297722
     656.4067378252168510       1.0442073605954647
     656.4069379586391051       0.9354157298803329
     656.4071380920613592       1.0620006099343300
     656.4073382254836133       0.9309207051992416
     656.4075383589059811       1.0968902632594109
     656.4077384923282352       1.0476302430033684
     656.4079386257504893       1.0162812825292349
     656.4081387591727434       0.9929947382770479
     656.4083388925951112       1.0448817647993565
     656.4085390260173654       1.0437931232154369
     656.4087391594396195       1.0756703317165375
     656.4089392928618736       0.9715942703187466
     656.4091394262842414       0.9896600069478154
     656.4093395597064955       1.0362701565027237
     656.4095396931287496       1.0272926073521376
     656.4097398265510037       0.9550559371709824
     656.4099399599733715       0.9724213276058435
     656.4101400933956256       0.9574077613651752
     656.4103402268178797       1.1392152160406113
     656.4105403602401339       1.0558200851082802
     656.4107404936625016       0.9660366438329220
     656.4109406270847558       0.9745465237647295
     656.4111407605070099       1.0482771471142769
     656.4113408939292640       1.0177595466375351
     656.4115410273516318       0.9792214650660753
     656.4117411607738859       0.9720198865979910
     656.4119412941961400       0.9494670517742634
     656.4121414276183941       0.9962182920426130
     656.4123415610407619       1.0790446028113365
     656.4125416944630160       1.0254828240722418
     656.4127418278852701       0.9468160569667816
     656.4129419613075243       0.9996241494081914
     656.4131420947297784       0.9479754567146301
     656.4133422281521462       1.0452575907111168
     656.4135423615744003       0.9252457916736603
     656.4137424949966544       0.9751889351755381
     656.4139426284189085       0.9979703689459711
     656.4141427618412763       1.0362061783671379
     656.4143428952635304       1.0663162395358086
     656.4145430286857845       1.0499355010688305
     656.4147431621080386       0.9268598482012749
     656.4149432955304064       0.9280146509408951
     656.4151434289526605       1.0144575079903007
     656.4153435623749147       1.0319104716181755
     656.4155436957971688       0.9719651937484741
     656.4157438292195366       1.0486342459917068
     656.4159439626417907       1.0276019275188446
     656.4161440960640448       0.9961739147547632
     656.4163442294862989       0.9602473452687263
     656.4165443629086667       1.0763091370463371
     656.4167444963309208       0.9849912878125906
     656.4169446297531749       0.9444446787238121
     656.4171447631754290       0.9858707869425416
     656.4173448965977968       0.9820296037942171
     656.4175450300200509       0.9304638653993607
     656.4177451634423051       0.9969670218415558
     656.4179452968645592       0.9560858570039272
     656.4181454302869270       1.0568975768983364
     656.4183455637091811       0.9642815589904785
     656.4185456971314352       0.9655455946922302
     656.4187458305536893       1.0104170739650726
     656.4189459639759434       1.0781567841768265
     656.4191460973983112       1.0219976957887411
     656.4193462308205653       1.0490590035915375
     656.4195463642428194       1.0887660086154938
     656.4197464976650735       0.9504671953618526
     656.4199466310874413       0.9597839638590813
     656.4201467645096955       1.0353031381964684
     656.4203468979319496       0.8924779370427132
     656.4205470313542037       1.0577258281409740
     656.4207471647765715       0.9319037348031998
     656.4209472981988256       1.0330784879624844
     656.4211474316210797       0.9633331112563610
     656.4213475650433338       0.9907072307541966
     656.4215476984657016       0.9792896006256342
     656.4217478318879557       1.0263983849436045
     656.4219479653102098       0.9751056376844645
     656.4221480987324640       0.9995832753775176
     656.4223482321548317       0.9793942812830210
     656.4225483655770859       1.0170192420482635
     656.4227484989993400       1.0197772961109877
     656.4229486324215941       0.9672081358730793
     656.4231487658439619       0.9914767425507307
     656.4233488992662160       1.1361411660909653
     656.4235490326884701       1.0038273197133094
     656.4237491661107242       0.9400935098528862
     656.4239492995329783       0.9822418708354235
     656.4241494329553461       1.0036652449052781
     656.4243495663776002       0.9878954347223043
     656.4245496997998544       0.9938952433876693
     656.4247498332221085       1.0463811717927456
     656.4249499666444763       0.9618263430893421
     656.4251501000667304       1.0358334966003895
     656.4253502334889845       0.9989967554574832
     656.4255503669112386       0.8940063491463661
     656.4257505003336064       0.9599268846213818
     656.4259506337558605       1.0578407831490040
     656.4261507671781146       0.9456501118838787
     656.4263509006003687       0.9318673387169838
     656.4265510340227365       1.0873013511300087
     656.4267511674449906       1.0435662344098091
     656.4269513008672448       1.0197443440556526
     656.4271514342894989       0.9565615952014923
     656.4273515677118667       0.9661325104534626
     656.4275517011341208       0.9944039178080857
     656.4277518345563749       1.0474173352122307
     656.4279519679786290       1.0167850125581026
     656.4281521014009968       0.9648061618208885
     656.4283522348232509       0.9488496109843254
     656.4285523682455050       1.0341241173446178
     656.4287525016677591       0.9967357330024242
     656.4289526350901269       1.2076618671417236
     656.4291527685123810       0.9740788247436285
     656.4293529019346352       1.0456031374633312
     656.4295530353568893       1.0594333298504353
     656.4297531687791434       0.9160232022404671
     656.4299533022015112       1.0072831669822335
     656.4301534356237653       1.0208381041884422
     656.4303535690460194       0.9712096005678177
     656.4305537024682735       0.9692882616072893
     656.4307538358906413       1.0311548803001642
     656.4309539693128954       1.0234422851353884
     656.4311541027351495       1.0327453762292862
     656.4313542361574036       1.0040178224444389
     656.4315543695797714       1.0039570387452841
     656.4317545030020256       0.9927103039808571
     656.4319546364242797       1.0108903730288148
     656.4321547698465338       1.0395622476935387
     656.4323549032689016       0.9132133498787880
     656.4325550366911557       0.9212222322821617
     656.4327551701134098       1.0383284054696560
     656.4329553035356639       1.0130983768031001
     656.4331554369580317       1.0054230135865510
     656.4333555703802858       0.9413117095828056
     656.4335557038025399       0.9743068777024746
     656.4337558372247940       1.0132058383896947
     656.4339559706471618       0.8726295977830887
     656.4341561040694160       0.9654689393937588
     656.4343562374916701       0.9631729125976562
     656.4345563709139242       0.9101181924343109
     656.4347565043361783       0.9871864840388298
     656.4349566377585461       0.9782753754407167
     656.4351567711808002       1.0558205507695675
     656.4353569046030543       1.0443307794630527
     656.4355570380253084       1.0201153438538313
     656.4357571714476762       1.0270798541605473
     656.4359573048699303       1.0084754657000303
     656.4361574382921845       0.9659703858196735
     656.4363575717144386       1.0671225413680077
     656.4365577051368064       1.0264435764402151
     656.4367578385590605       1.0127555578947067
     656.4369579719813146       0.9996273418073542
     656.4371581054035687       1.1128344684839249
     656.4373582388259365       1.0158671401441097
     656.4375583722481906       1.0296940039843321
     656.4377585056704447       1.0397612117230892
     656.4379586390926988       1.0638445392251015
     656.4381587725150666       0.9774233698844910
     656.4383589059373207       1.0391443185508251
     656.4385590393595749       0.9485202841460705
     656.4387591727818290       0.9879277804866433
     656.4389593062041968       1.0524100065231323
     656.4391594396264509       1.0425299964845181
     656.4393595730487050       0.9151765182614326
     656.4395597064709591       1.0140726165845990
     656.4397598398933269       0.9466060809791088
     656.4399599733155810       1.0081432014703751
     656.4401601067378351       0.9564271494746208
     656.4403602401600892       1.0615319609642029
     656.4405603735823433       0.9537863396108150
     656.4407605070047111       1.0660179778933525
     656.4409606404269653       0.9966453483793885
     656.4411607738492194       0.9513666294515133
     656.4413609072714735       0.9212831929326057
     656.4415610406938413       1.0534362681210041
     656.4417611741160954       1.0305617637932301
     656.4419613075383495       0.9743567872792482
     656.4421614409606036       0.9473484680056572
     656.4423615743829714       1.0189348720014095
     656.4425617078052255       0.9673544056713581
     656.4427618412274796       0.9663511849939823
     656.4429619746497337       0.8983581066131592
     656.4431621080721015       1.0259937103837729
     656.4433622414943557       1.0037398014683276
     656.4435623749166098       0.9734656866639853
     656.4437625083388639       1.0574224963784218
     656.4439626417612317       1.0532447695732117
     656.4441627751834858       0.9831716306507587
     656.4443629086057399       1.0069510503672063
     656.4445630420279940       0.9348333328962326
     656.4447631754503618       0.8954574838280678
     656.4449633088726159       0.9824967961758375
     656.4451634422948700       0.9350313916802406
     656.4453635757171241       1.1057234182953835
     656.4455637091393783       1.0219366829842329
     656.4457638425617461       1.0096618589013815
     656.4459639759840002       1.0583689995110035
     656.4461641094062543       0.9255752488970757
     656.4463642428285084       1.0171755105257034
     656.4465643762508762       1.0167230200022459
     656.4467645096731303       0.9449483454227448
     656.4469646430953844       1.0082062734290957
     656.4471647765176385       0.9612990431487560
     656.4473649099400063       0.9253930523991585
     656.4475650433622604       0.9300546869635582
     656.4477651767845146       0.9923985642381012
     656.4479653102067687       0.9395778588950634
     656.4481654436291365       1.0141245517879725
     656.4483655770513906       0.9658793248236179
     656.4485657104736447       1.0139567302539945
     656.4487658438958988       1.0029144557192922
     656.4489659773182666       1.0772817507386208
     656.4491661107405207       0.9519923850893974
     656.4493662441627748       1.0500402450561523
     656.4495663775850289       1.0359407141804695
     656.4497665110073967       1.0669473931193352
     656.4499666444296508       1.1280383169651031
     656.4501667778519050       1.0283960588276386
     656.4503669112741591       0.9490564353764057
     656.4505670446965269       0.9972344760317355
     656.4507671781187810       1.0166568290442228
     656.4509673115410351       1.0379464067518711
     656.4511674449632892       0.9423518069088459
     656.4513675783855433       1.0060508027672768
     656.4515677118079111       1.0013209794415161
     656.4517678452301652       1.0377068407833576
     656.4519679786524193       1.0211650636047125
     656.4521681120746734       1.0781572312116623
     656.4523682454970412       1.0306911319494247
     656.4525683789192954       1.0228513088077307
     656.4527685123415495       1.0219293143600225
     656.4529686457638036       1.0198454689234495
     656.4531687791861714       1.0662885829806328
     656.4533689126084255       0.9709269907325506
     656.4535690460306796       1.0409874096512794
     656.4537691794529337       1.0371525697410107
     656.4539693128753015       1.0416582301259041
     656.4541694462975556       1.0249135829508305
     656.4543695797198097       1.0830880105495453
     656.4545697131420638       0.9984466922469437
     656.4547698465644316       1.0196192674338818
     656.4549699799866858       1.0172315835952759
     656.4551701134089399       1.0196805745363235
     656.4553702468311940       1.0425669066607952
     656.4555703802535618       1.0308293532580137
     656.4557705136758159       1.0870364233851433
     656.4559706470980700       0.9808194078505039
     656.4561707805203241       1.0188195835798979
     656.4563709139425782       1.0384426750242710
     656.4565710473649460       1.0003969205718022
     656.4567711807872001       0.9739217814058065
     656.4569713142094542       0.9966201747301966
     656.4571714476317084       0.8904568552970886
     656.4573715810540762       1.0008440686506219
     656.4575717144763303       1.0458677783608437
     656.4577718478985844       0.9801566489040852
     656.4579719813208385       0.9812934063374996
     656.4581721147432063       0.9269103556871414
     656.4583722481654604       0.9884940059855580
     656.4585723815877145       0.9616662561893463
     656.4587725150099686       1.0776219293475151
     656.4589726484323364       1.0175493620336056
     656.4591727818545905       0.8973252549767494
     656.4593729152768447       1.0148823084309697
     656.4595730486990988       1.0527545772492886
     656.4597731821214666       1.0436331443488598
     656.4599733155437207       1.0381164364516735
     656.4601734489659748       0.9508584812283516
     656.4603735823882289       1.0294981244951487
     656.4605737158105967       1.0035156209487468
     656.4607738492328508       1.0408196710050106
     656.4609739826551049       1.0070656687021255
     656.4611741160773590       1.0311797745525837
     656.4613742494997268       1.1425763219594955
     656.4615743829219809       1.0695258975028992
     656.4617745163442351       1.0394044928252697
     656.4619746497664892       0.9744409490376711
     656.4621747831887433       1.0191694628447294
     656.4623749166111111       1.0229913368821144
     656.4625750500333652       1.0142724514007568
     656.4627751834556193       0.9855852955952287
     656.4629753168778734       0.9407632239162922
     656.4631754503002412       1.0433801300823689
     656.4633755837224953       1.0353465713560581
     656.4635757171447494       0.9952110988087952
     656.4637758505670035       1.0014893678016961
     656.4639759839893713       1.0920562744140625
     656.4641761174116255       1.0166527610272169
     656.4643762508338796       1.0361748635768890
     656.4645763842561337       0.9898094953969121
     656.4647765176785015       1.0056709852069616
     656.4649766511007556       0.9850429352372885
     656.4651767845230097       0.9423844218254089
     656.4653769179452638       1.0954383537173271
     656.4655770513676316       1.0142215238884091
     656.4657771847898857       0.9638502486050129
     656.4659773182121398       0.9544829502701759
     656.4661774516343939       1.0424926988780499
     656.4663775850567617       1.0227159932255745
     656.4665777184790159       0.9844639506191015
     656.4667778519012700       0.9824732430279255
     656.4669779853235241       0.9998440396448132
     656.4671781187458919       1.0335149429738522
     656.4673782521681460       1.0033310160506517
     656.4675783855904001       0.9784037414938211
     656.4677785190126542       0.9828969780355692
     656.4679786524349083       0.9062792733311653
     656.4681787858572761       1.0132562220096588
     656.4683789192795302       0.9097152873873711
     656.4685790527017843       1.0411143191158772
     656.4687791861240385       1.0241040494292974
     656.4689793195464063       0.9933026893995702
     656.4691794529686604       0.9924097773618996
     656.4693795863909145       1.0902608931064606
     656.4695797198131686       1.0503278374671936
     656.4697798532355364       0.9701069854199886
     656.4699799866577905       1.0005323605728336
     656.4701801200800446       1.0637624785304070
     656.4703802535022987       0.9845467777922750
     656.4705803869246665       1.1049948260188103
     656.4707805203469206       1.0175556112080812
     656.4709806537691748       0.9742852766066790
     656.4711807871914289       0.9761945102363825
     656.4713809206137967       1.0565714500844479
     656.4715810540360508       0.9425661452114582
     656.4717811874583049       1.0622181370854378
     656.4719813208805590       1.1100774407386780
     656.4721814543029268       1.1040525361895561
     656.4723815877251809       0.9479953572154045
     656.4725817211474350       1.0830385163426399
     656.4727818545696891       1.1226858273148537
     656.4729819879919432       1.0012976686703041
     656.4731821214143110       0.9691626485437155
     656.4733822548365652       0.9685312360525131
     656.4735823882588193       1.0127634480595589
     656.4737825216810734       0.9707763195037842
     656.4739826551034412       0.9848089171573520
     656.4741827885256953       1.0217647626996040
     656.4743829219479494       1.0050523295067251
     656.4745830553702035       1.0540669336915016
     656.4747831887925713       0.9869975382462144
     656.4749833222148254       0.9144704714417458
     656.4751834556370795       1.0303979795426130
     656.4753835890593336       0.9523522965610027
     656.4755837224817014       1.0293176174163818
     656.4757838559039556       0.9224921315908432
     656.4759839893262097       1.0743598192930222
     656.4761841227484638       1.0478443391621113
     656.4763842561708316       0.9695721473544836
     656.4765843895930857       0.9861434446647763
     656.4767845230153398       0.9554989375174046
     656.4769846564375939       0.9916361700743437
     656.4771847898599617       1.0255498327314854
     656.4773849232822158       1.0776586011052132
     656.4775850567044699       0.9981386699946597
     656.4777851901267240       0.9684173204004765
     656.4779853235490918       1.0752720683813095
     656.4781854569713460       0.9857171000912786
     656.4783855903936001       0.8536910265684128
     656.4785857238158542       0.9424788169562817
     656.4787858572381083       0.9504677243530750
     656.4789859906604761       1.0438756309449673
     656.4791861240827302       0.9822417665272951
     656.4793862575049843       1.0265524089336395
     656.4795863909272384       1.0388395935297012
     656.4797865243496062       0.9981465808814391
     656.4799866577718603       0.9919990906491876
     656.4801867911941144       1.0070548728108406
     656.4803869246163686       0.9666407182812691
     656.4805870580387364       1.0597732178866863
     656.4807871914609905       0.9825111497193575
     656.4809873248832446       1.0120831308886409
     656.4811874583054987       0.9309670701622963
     656.4813875917278665       1.0719860941171646
     656.4815877251501206       0.9448394589126110
     656.4817878585723747       0.9667300134897232
     656.4819879919946288       0.9427818469703197
     656.4821881254169966       1.0803201720118523
     656.4823882588392507       1.0463792644441128
     656.4825883922615049       1.0024120998568833
     656.4827885256837590       0.9754346031695604
     656.4829886591061268       0.9594469219446182
     656.4831887925283809       1.1029961034655571
     656.4833889259506350       0.9574512764811516
     656.4835890593728891       1.0042171939276159
     656.4837891927951432       0.9004863575100899
     656.4839893262175110       0.8949664831161499
     656.4841894596397651       1.0250592511147261
     656.4843895930620192       1.0122881764546037
     656.4845897264842733       1.0487400405108929
     656.4847898599066411       1.0465297959744930
     656.4849899933288953       0.9586560055613518
     656.4851901267511494       0.9782455302774906
     656.4853902601734035       0.9688973296433687
     656.4855903935957713       1.0968125537037849
     656.4857905270180254       1.0403997860848904
     656.4859906604402795       0.9667967855930328
     656.4861907938625336       0.9957591448910534
     656.4863909272849014       1.0418691672384739
     656.4865910607071555       0.9140395149588585
     656.4867911941294096       1.0160715784877539
     656.4869913275516637       0.9547032937407494
     656.4871914609740315       0.9804776404052973
     656.4873915943962857       1.0626416206359863
     656.4875917278185398       1.0024218338076025
     656.4877918612407939       0.9820501599460840
     656.4879919946631617       0.9867353271692991
     656.4881921280854158       1.1049832329154015
     656.4883922615076699       1.0600820966064930
     656.4885923949299240       1.0209351591765881
     656.4887925283522918       0.9734474420547485
     656.4889926617745459       1.0360672175884247
     656.4891927951968000       0.9736869204789400
     656.4893929286190541       0.9418556988239288
     656.4895930620413083       0.9379534050822258
     656.4897931954636761       0.9852097937837243
     656.4899933288859302       1.0507196001708508
     656.4901934623081843       1.0013351253001019
     656.4903935957304384       0.9938321379013360
     656.4905937291528062       1.0388365574181080
     656.4907938625750603       0.9346432164311409
     656.4909939959973144       1.0200603306293488
     656.4911941294195685       1.0444665700197220
     656.4913942628419363       0.9519160352647305
     656.4915943962641904       0.9531751237809658
     656.4917945296864445       0.9596638232469559
     656.4919946631086987       1.0218219012022018
     656.4921947965310665       1.0489544235169888
     656.4923949299533206       1.0557165220379829
     656.4925950633755747       1.0029932358302176
     656.4927951967978288       1.0004274433886167
     656.4929953302201966       1.0401477254927158
     656.4931954636424507       0.8869649395346642
     656.4933955970647048       1.0349572561681271
     656.4935957304869589       1.0113606564700603
     656.4937958639093267       0.9462397024035454
     656.4939959973315808       1.0747081041336060
     656.4941961307538350       1.0359657071530819
     656.4943962641760891       1.0328369960188866
     656.4945963975983432       0.9869245374575257
     656.4947965310207110       1.0426205359399319
     656.4949966644429651       1.0445042252540588
     656.4951967978652192       0.9999342370574595
     656.4953969312874733       0.9794231355190277
     656.4955970647098411       1.0797159373760223
     656.4957971981320952       0.9493306167423725
     656.4959973315543493       1.0262050237506628
     656.4961974649766034       0.9299686178565025
     656.4963975983989712       1.0013119577197358
     656.4965977318212254       1.1175833344459534
     656.4967978652434795       0.8960007056593895
     656.4969979986657336       0.9440260343253613
     656.4971981320881014       0.9958273195661604
     656.4973982655103555       0.9865873903036118
     656.4975983989326096       0.9444720037281513
     656.4977985323548637       0.9335729032754898
     656.4979986657772315       0.9893046580255032
     656.4981987991994856       0.9299350529909134
     656.4983989326217397       1.0390365347266197
     656.4985990660439938       0.9029745608568192
     656.4987991994663616       0.9093807488679886
     656.4989993328886158       1.0589038021862507
     656.4991994663108699       1.0010509950807318
     656.4993995997331240       1.0049063763581216
     656.4995997331554918       1.0276727415621281
     656.4997998665777459       0.9606210775673389
     656.5000000000000000       0.9957491485401988
