     656.2000000000000455       1.0313849039375782
     656.2002001334222996       0.9983485294505954
     656.2004002668445537       0.9181325212121010
     656.2006004002669215       0.9860868109390140
     656.2008005336891756       1.0463339425623417
     656.2010006671114297       1.0161606427282095
     656.2012008005336838       1.0653347000479698
     656.2014009339560516       1.0234021898359060
     656.2016010673783057       0.9930744455195963
     656.2018012008005599       1.0204767826944590
     656.2020013342228140       1.0359319262206554
     656.2022014676451818       0.9518652670085430
     656.2024016010674359       1.0163414888083935
     656.2026017344896900       1.0262524634599686
     656.2028018679119441       1.0547153837978840
     656.2030020013343119       0.9624428302049637
     656.2032021347565660       1.0154323820024729
     656.2034022681788201       1.0046450486406684
     656.2036024016010742       0.9661320112645626
     656.2038025350234420       0.9014987051486969
     656.2040026684456961       1.0389939360320568
     656.2042028018679503       0.9404573477804661
     656.2044029352902044       0.9990658410824835
     656.2046030687125722       1.0114686554297805
     656.2048032021348263       1.1087436228990555
     656.2050033355570804       0.9435659982264042
     656.2052034689793345       1.0085330754518509
     656.2054036024017023       1.0005025780410506
     656.2056037358239564       1.0805727839469910
     656.2058038692462105       1.0091806817799807
     656.2060040026684646       0.9620336927473545
     656.2062041360907187       1.0162745993584394
     656.2064042695130865       1.0209549292922020
     656.2066044029353407       0.9585988894104958
     656.2068045363575948       1.0650860592722893
     656.2070046697798489       0.9840702135115862
     656.2072048032022167       1.0189431477338076
     656.2074049366244708       0.9728459957987070
     656.2076050700467249       1.0434249043464661
     656.2078052034689790       0.9353812485933304
     656.2080053368913468       0.9966909980867058
     656.2082054703136009       1.0331254266202450
     656.2084056037358550       0.9878712426871061
     656.2086057371581092       0.9370029568672180
     656.2088058705804769       1.0617695264518261
     656.2090060040027311       1.0039489893242717
     656.2092061374249852       1.0746324285864830
     656.2094062708472393       0.9982822708552703
     656.2096064042696071       0.9387528635561466
     656.2098065376918612       0.9971964247524738
     656.2100066711141153       0.9878442976623774
     656.2102068045363694       1.0108550908043981
     656.2104069379587372       0.9644269496202469
     656.2106070713809913       1.0284786764532328
     656.2108072048032454       1.0051609710790217
     656.2110073382254996       1.0093114878982306
     656.2112074716477537       1.0694254785776138
     656.2114076050701215       1.0292417444288731
     656.2116077384923756       0.9462627582252026
     656.2118078719146297       0.8696783483028412
     656.2120080053368838       1.0034010161180049
     656.2122081387592516       1.0647639110684395
     656.2124082721815057       0.9578744806349277
     656.2126084056037598       1.0347243733704090
     656.2128085390260139       0.9933105171658099
     656.2130086724483817       1.0303140338510275
     656.2132088058706358       0.9387529604136944
     656.2134089392928900       1.0043046348728240
     656.2136090727151441       1.1069932803511620
     656.2138092061375119       0.9919951027259231
     656.2140093395597660       0.9488075003027916
     656.2142094729820201       0.8989354446530342
     656.2144096064042742       1.0333920866250992
     656.2146097398266420       0.9462664723396301
     656.2148098732488961       1.0436876490712166
     656.2150100066711502       1.0123693346977234
     656.2152101400934043       0.9705192800611258
     656.2154102735157721       1.0215766672044992
     656.2156104069380262       1.0236621648073196
     656.2158105403602804       0.9260214939713478
     656.2160106737825345       1.0493619702756405
     656.2162108072049023       0.9308618158102036
     656.2164109406271564       1.0307927969843149
     656.2166110740494105       1.0231348332017660
     656.2168112074716646       1.0042228614911437
     656.2170113408939187       0.9500928446650505
     656.2172114743162865       1.1141488328576088
     656.2174116077385406       0.9623015932738781
     656.2176117411607947       1.0920029133558273
     656.2178118745830488       1.0772314146161079
     656.2180120080054166       1.1025536805391312
     656.2182121414276708       1.0175552684813738
     656.2184122748499249       0.9982545524835587
     656.2186124082721790       1.0261946450918913
     656.2188125416945468       1.1090215668082237
     656.2190126751168009       0.9949574177153409
     656.2192128085390550       1.0077809491194785
     656.2194129419613091       0.9934889939613640
     656.2196130753836769       0.9917848138138652
     656.2198132088059310       1.0023593173827976
     656.2200133422281851       0.9435043819248676
     656.2202134756504392       1.0055146017111838
     656.2204136090728070       1.0600897483527660
     656.2206137424950612       0.9999729728824605
     656.2208138759173153       1.0330499410629272
     656.2210140093395694       1.0744111463427544
     656.2212141427619372       0.9560792222619057
     656.2214142761841913       0.9727367851883173
     656.2216144096064454       1.0486879721283913
     656.2218145430286995       1.0367013104259968
     656.2220146764509536       1.0880296155810356
     656.2222148098733214       0.9654921479523182
     656.2224149432955755       1.0004858618776780
     656.2226150767178297       1.0684022083878517
     656.2228152101400838       1.0364623852074146
     656.2230153435624516       0.9782485608011484
     656.2232154769847057       1.0470726601779461
     656.2234156104069598       0.9986148773459718
     656.2236157438292139       1.0235169064253569
     656.2238158772515817       0.9423733688890934
     656.2240160106738358       1.0314923748373985
     656.2242161440960899       0.9446554891765118
     656.2244162775183440       0.9820323400199413
     656.2246164109407118       0.9853587159886956
     656.2248165443629659       0.9006199985742569
     656.2250166777852201       1.0137974238023162
     656.2252168112074742       1.0325607322156429
     656.2254169446298420       0.9886796791106462
     656.2256170780520961       1.0217772871255875
     656.2258172114743502       1.0124256853014231
     656.2260173448966043       1.0786781609058380
     656.2262174783189721       0.9838864635676146
     656.2264176117412262       1.0034773014485836
     656.2266177451634803       0.9155227616429329
     656.2268178785857344       0.9782994706183672
     656.2270180120081022       0.9229627922177315
     656.2272181454303563       1.0115679856389761
     656.2274182788526105       0.9203915745019913
     656.2276184122748646       0.9899701429530978
     656.2278185456971187       0.9407227970659733
     656.2280186791194865       1.1124832853674889
     656.2282188125417406       1.0418265946209431
     656.2284189459639947       0.9729296173900366
     656.2286190793862488       1.0105911949649453
     656.2288192128086166       1.0983244255185127
     656.2290193462308707       0.9857899276539683
     656.2292194796531248       0.9419265128672123
     656.2294196130753789       1.0250275488942862
     656.2296197464977467       1.1003950759768486
     656.2298198799200009       0.9477064348757267
     656.2300200133422550       1.0902054533362389
     656.2302201467645091       0.9815292190760374
     656.2304202801868769       0.9976354949176311
     656.2306204136091310       1.0506149418652058
     656.2308205470313851       1.0178492553532124
     656.2310206804536392       1.0320367552340031
     656.2312208138760070       1.0122468331828713
     656.2314209472982611       0.9957884275354445
     656.2316210807205152       0.9790898878127337
     656.2318212141427693       1.0556525997817516
     656.2320213475651371       0.9854795159772038
     656.2322214809873913       1.0421945415437222
     656.2324216144096454       0.9734745491296053
     656.2326217478318995       1.0366181693971157
     656.2328218812541536       0.9168181642889977
     656.2330220146765214       1.0591768212616444
     656.2332221480987755       0.9746411200612783
     656.2334222815210296       1.0143398111686110
     656.2336224149432837       1.0734519883990288
     656.2338225483656515       1.0594418160617352
     656.2340226817879056       1.0465447008609772
     656.2342228152101598       1.0416847057640553
     656.2344229486324139       0.9405928552150726
     656.2346230820547817       0.9718542043119669
     656.2348232154770358       0.9022740870714188
     656.2350233488992899       1.0017813028534874
     656.2352234823215440       0.9976147953420877
     656.2354236157439118       1.0026139460969716
     656.2356237491661659       0.9974857645574957
     656.2358238825884200       0.9751556385308504
     656.2360240160106741       0.9837239645421505
     656.2362241494330419       0.9870947105810046
     656.2364242828552960       0.9461329206824303
     656.2366244162775502       1.0432761274278164
     656.2368245496998043       1.0492390543222427
     656.2370246831221721       1.0094726998358965
     656.2372248165444262       0.9567510522902012
     656.2374249499666803       0.9729570001363754
     656.2376250833889344       0.9817574936896563
     656.2378252168113022       1.0333167202770710
     656.2380253502335563       1.0563023574650288
     656.2382254836558104       1.0254954248666763
     656.2384256170780645       0.9261024966835976
     656.2386257505003186       0.9592488743364811
     656.2388258839226864       0.9818137120455503
     656.2390260173449406       0.9609008617699146
     656.2392261507671947       0.9338533356785774
     656.2394262841894488       1.0946920737624168
     656.2396264176118166       0.9393054358661175
     656.2398265510340707       1.0609017685055733
     656.2400266844563248       1.0337465256452560
     656.2402268178785789       0.9860412254929543
     656.2404269513009467       0.9699531551450491
     656.2406270847232008       0.9633844979107380
     656.2408272181454549       0.9690440203994513
     656.2410273515677090       1.0079441880807281
     656.2412274849900768       1.0441363565623760
     656.2414276184123310       1.0030585185158998
     656.2416277518345851       1.0337165705859661
     656.2418278852568392       0.9631580002605915
     656.2420280186792070       0.9770709574222565
     656.2422281521014611       0.9550745561718941
     656.2424282855237152       1.0536434464156628
     656.2426284189459693       1.0280867423862219
     656.2428285523683371       0.9693308472633362
     656.2430286857905912       0.9355833828449249
     656.2432288192128453       1.0202572587877512
     656.2434289526350994       0.9610907398164272
     656.2436290860574672       1.0629551559686661
     656.2438292194797214       1.0083270799368620
     656.2440293529019755       0.9753325935453176
     656.2442294863242296       1.0219190977513790
     656.2444296197464837       0.9758332967758179
     656.2446297531688515       1.0080227097496390
     656.2448298865911056       1.0707284137606621
     656.2450300200133597       1.0025725762825459
     656.2452301534356138       1.0077187651768327
     656.2454302868579816       1.0095088379457593
     656.2456304202802357       0.9459878318011761
     656.2458305537024899       1.0708141848444939
     656.2460306871247440       0.9779726639389992
     656.2462308205471118       1.0366167388856411
     656.2464309539693659       0.9870236935093999
     656.2466310873916200       0.9849007781594992
     656.2468312208138741       1.1010372787714005
     656.2470313542362419       0.9587353803217411
     656.2472314876584960       1.0471435524523258
     656.2474316210807501       0.9187241271138191
     656.2476317545030042       0.9723786078393459
     656.2478318879253720       0.9342179745435715
     656.2480320213476261       0.9595295637845993
     656.2482321547698803       0.9909232035279274
     656.2484322881921344       0.9393412284553051
     656.2486324216145022       0.9786706771701574
     656.2488325550367563       1.0031554717570543
     656.2490326884590104       1.0189255177974701
     656.2492328218812645       1.0457887165248394
     656.2494329553035186       0.9416897781193256
     656.2496330887258864       1.0158595349639654
     656.2498332221481405       1.0484061688184738
     656.2500333555703946       1.1142294928431511
     656.2502334889926487       0.9987874351209030
     656.2504336224150165       0.9439180977642536
     656.2506337558372707       0.9952890262939036
     656.2508338892595248       1.0579447932541370
     656.2510340226817789       1.0381641574203968
     656.2512341561041467       0.9941832735203207
     656.2514342895264008       0.9175046756863594
     656.2516344229486549       0.9651984907686710
     656.2518345563709090       1.0401544533669949
     656.2520346897932768       0.9946746905334294
     656.2522348232155309       1.0905271098017693
     656.2524349566377850       1.0385029725730419
     656.2526350900600391       0.9845355125144124
     656.2528352234824069       1.0318920761346817
     656.2530353569046611       0.9773113522678614
     656.2532354903269152       1.0103659993037581
     656.2534356237491693       1.0897602960467339
     656.2536357571715371       0.9783874843269587
     656.2538358905937912       1.0377759858965874
     656.2540360240160453       1.0584678724408150
     656.2542361574382994       0.9937999197281897
     656.2544362908606672       1.0027199792675674
     656.2546364242829213       0.9843099508434534
     656.2548365577051754       0.9184692129492760
     656.2550366911274295       1.0396948419511318
     656.2552368245496837       0.9967502953950316
     656.2554369579720515       1.0392177663743496
     656.2556370913943056       1.0162720140069723
     656.2558372248165597       1.0081780431792140
     656.2560373582388138       1.0106568923220038
     656.2562374916611816       1.0363403894007206
     656.2564376250834357       1.0681394636631012
     656.2566377585056898       0.9943991550244391
     656.2568378919279439       0.9481737911701202
     656.2570380253503117       1.0061705852858722
     656.2572381587725658       0.9678256623446941
     656.2574382921948200       1.0328894145786762
     656.2576384256170741       1.0994745716452599
     656.2578385590394419       1.0364165715873241
     656.2580386924616960       1.0177964996546507
     656.2582388258839501       0.9709313679486513
     656.2584389593062042       1.0650191307067871
     656.2586390927285720       0.9442128837108612
     656.2588392261508261       0.9809450674802065
     656.2590393595730802       0.9784969091415405
     656.2592394929953343       0.9685569368302822
     656.2594396264177021       0.9757681731134653
     656.2596397598399562       0.9556780830025673
     656.2598398932622104       0.9425344206392765
     656.2600400266844645       0.9732306860387325
     656.2602401601067186       1.0393817164003849
     656.2604402935290864       0.9892832757905126
     656.2606404269513405       1.0495935343205929
     656.2608405603735946       1.0059358133003116
     656.2610406937958487       0.9482454955577850
     656.2612408272182165       1.0812625512480736
     656.2614409606404706       0.9836117513477802
     656.2616410940627247       0.9520533569157124
     656.2618412274849788       1.1099048852920532
     656.2620413609073466       1.0405895635485649
     656.2622414943296008       1.0547017864882946
     656.2624416277518549       1.0236581806093454
     656.2626417611741090       0.9705377016216516
     656.2628418945964768       0.9567274153232574
     656.2630420280187309       0.9687213450670242
     656.2632421614409850       0.9113265350461006
     656.2634422948632391       1.0692944377660751
     656.2636424282856069       1.0385220125317574
     656.2638425617078610       0.9825287014245987
     656.2640426951301151       1.0321038626134396
     656.2642428285523692       0.9965850340668112
     656.2644429619747370       0.9224231168627739
     656.2646430953969912       0.9989903055829927
     656.2648432288192453       0.8956688046455383
     656.2650433622414994       0.8451770991086960
     656.2652434956638672       1.0904493033885956
     656.2654436290861213       0.9759904984384775
     656.2656437625083754       0.9820498917251825
     656.2658438959306295       0.9256235435605049
     656.2660440293528836       0.9622001387178898
     656.2662441627752514       1.0241480302065611
     656.2664442961975055       0.9706428162753582
     656.2666444296197596       0.9654787816107273
     656.2668445630420138       0.9510068483650684
     656.2670446964643816       0.9198146238923073
     656.2672448298866357       0.9107742533087730
     656.2674449633088898       0.9902449287474155
     656.2676450967311439       1.0153688369318843
     656.2678452301535117       0.9212721213698387
     656.2680453635757658       0.9678132571280003
     656.2682454969980199       1.0149412751197815
     656.2684456304202740       1.0153897199779749
     656.2686457638426418       0.9663849174976349
     656.2688458972648959       1.0012053049867973
     656.2690460306871501       0.9509678259491920
     656.2692461641094042       1.0063499766401947
     656.2694462975317720       1.1185017377138138
     656.2696464309540261       1.0288107544183731
     656.2698465643762802       0.9297864437103271
     656.2700466977985343       1.0389327630400658
     656.2702468312209021       1.0355805419385433
     656.2704469646431562       0.9471456706523895
     656.2706470980654103       1.0101832272484899
     656.2708472314876644       1.0639481097459793
     656.2710473649099185       0.9950661421753466
     656.2712474983322863       1.0127688962966204
     656.2714476317545405       0.9666944965720177
     656.2716477651767946       0.9774678051471710
     656.2718478985990487       0.9895339561626315
     656.2720480320214165       1.1063214465975761
     656.2722481654436706       1.0394884347915649
     656.2724482988659247       1.0210170559585094
     656.2726484322881788       1.0316845290362835
     656.2728485657105466       1.0424360372126102
     656.2730486991328007       1.0147959981113672
     656.2732488325550548       1.0028580289799720
     656.2734489659773089       1.0715185925364494
     656.2736490993996767       1.0767135322093964
     656.2738492328219309       0.9968564261216670
     656.2740493662441850       0.9497497007250786
     656.2742494996664391       0.9978865499142557
     656.2744496330888069       0.9138379767537117
     656.2746497665110610       0.9489915594458580
     656.2748498999333151       0.9874699050560594
     656.2750500333555692       1.0964911803603172
     656.2752501667779370       0.9975360801909119
     656.2754503002001911       1.0126959653571248
     656.2756504336224452       1.0063283937051892
     656.2758505670446993       0.9771356172859669
     656.2760507004670671       1.0364154390990734
     656.2762508338893213       1.0410756319761276
     656.2764509673115754       0.9629980698227882
     656.2766511007338295       1.0638344734907150
     656.2768512341560836       0.9907208653166890
     656.2770513675784514       1.0847630053758621
     656.2772515010007055       1.0479815118014812
     656.2774516344229596       1.0296360291540623
     656.2776517678452137       1.0460987500846386
     656.2778519012675815       0.9100254327058792
     656.2780520346898356       0.9970519940834492
     656.2782521681120897       1.0490908734500408
     656.2784523015343439       0.9989349998068064
     656.2786524349567117       1.0159510932862759
     656.2788525683789658       1.0692875161767006
     656.2790527018012199       1.0448574125766754
     656.2792528352234740       0.9707727786153555
     656.2794529686458418       0.9712953828275204
     656.2796531020680959       1.0332677625119686
     656.2798532354903500       0.9354287087917328
     656.2800533689126041       1.0533935092389584
     656.2802535023349719       0.9852177184075117
     656.2804536357572260       0.9720040913671255
     656.2806537691794802       1.0603577569127083
     656.2808539026017343       1.0155720068141818
     656.2810540360241021       0.9769142251461744
     656.2812541694463562       1.0192089024931192
     656.2814543028686103       0.9287727177143097
     656.2816544362908644       1.0111869527027011
     656.2818545697131185       0.9438947476446629
     656.2820547031354863       1.0386334918439388
     656.2822548365577404       0.9369682893157005
     656.2824549699799945       0.9115489050745964
     656.2826551034022486       1.0816011652350426
     656.2828552368246164       0.9764284957200289
     656.2830553702468706       0.9936229996383190
     656.2832555036691247       0.9748891089111567
     656.2834556370913788       0.9394195787608624
     656.2836557705137466       0.9580546431243420
     656.2838559039360007       0.9446043595671654
     656.2840560373582548       0.9971794735174626
     656.2842561707805089       1.0452027246356010
     656.2844563042028767       0.9983964032726362
     656.2846564376251308       1.0085107563063502
     656.2848565710473849       1.0467235855758190
     656.2850567044696390       0.9622189737856388
     656.2852568378920068       1.0175593178719282
     656.2854569713142610       0.9738360103219748
     656.2856571047365151       0.9427102692425251
     656.2858572381587692       1.0540056042373180
     656.2860573715811370       1.0374876596033573
     656.2862575050033911       0.9387120492756367
     656.2864576384256452       0.9254923537373543
     656.2866577718478993       1.0733928903937340
     656.2868579052702671       0.9369352534413338
     656.2870580386925212       1.0011938763782382
     656.2872581721147753       0.9975153976120055
     656.2874583055370294       1.0388398580253124
     656.2876584389592836       1.0089457696303725
     656.2878585723816514       1.0332476459443569
     656.2880587058039055       1.0701092407107353
     656.2882588392261596       1.0372926294803619
     656.2884589726484137       1.0317566469311714
     656.2886591060707815       1.0401018746197224
     656.2888592394930356       1.0108339851722121
     656.2890593729152897       0.9383108913898468
     656.2892595063375438       1.0502973683178425
     656.2894596397599116       1.0454798489809036
     656.2896597731821657       0.9438629746437073
     656.2898599066044198       1.0120787462219596
     656.2900600400266740       0.9832164142280817
     656.2902601734490418       1.0566047728061676
     656.2904603068712959       0.9249632284045219
     656.2906604402935500       1.0119998771697283
     656.2908605737158041       1.1825429201126099
     656.2910607071381719       0.9656594134867191
     656.2912608405604260       0.9694306999444962
     656.2914609739826801       0.9618558138608932
     656.2916611074049342       1.0931413248181343
     656.2918612408273020       0.9231780990958214
     656.2920613742495561       1.0749168023467064
     656.2922615076718103       0.9248543232679367
     656.2924616410940644       0.9909253884106874
     656.2926617745164322       1.0529148578643799
     656.2928619079386863       1.0729238390922546
     656.2930620413609404       1.0414521172642708
     656.2932621747831945       0.9603752084076405
     656.2934623082054486       0.9975643234793097
     656.2936624416278164       0.9245650544762611
     656.2938625750500705       0.9289718940854073
     656.2940627084723246       0.9917978914454579
     656.2942628418945787       0.9973397799767554
     656.2944629753169465       0.9565798602998257
     656.2946631087392007       1.0307998508214951
     656.2948632421614548       1.0143115809187293
     656.2950633755837089       1.0243582110852003
     656.2952635090060767       0.9994418291025795
     656.2954636424283308       1.0244159698486328
     656.2956637758505849       1.0861548855900764
     656.2958639092728390       0.9366418868303299
     656.2960640426952068       0.9426757134497166
     656.2962641761174609       1.0067995111458004
     656.2964643095397150       1.0334969013929367
     656.2966644429619691       1.0299867149442434
     656.2968645763843369       1.0718251392245293
     656.2970647098065911       1.0468765832483768
     656.2972648432288452       0.9892222275957465
     656.2974649766510993       1.0287344548851252
     656.2976651100734671       0.9585343040525913
     656.2978652434957212       1.0343139544129372
     656.2980653769179753       0.9653133042156696
     656.2982655103402294       0.9856346156448126
     656.2984656437624835       1.0056847254745662
     656.2986657771848513       0.9296119883656502
     656.2988659106071054       1.0188105814158916
     656.2990660440293595       0.9120145812630653
     656.2992661774516137       0.9436487965285778
     656.2994663108739815       0.9599065780639648
     656.2996664442962356       0.9624402746558189
     656.2998665777184897       0.9539843015372753
     656.3000667111407438       0.8614169061183929
     656.3002668445631116       0.9576383195817471
     656.3004669779853657       0.9852994764223695
     656.3006671114076198       0.8930495977401733
     656.3008672448298739       0.9682269357144833
     656.3010673782522417       1.0714892670512199
     656.3012675116744958       1.0370627418160439
     656.3014676450967499       0.9097760990262032
     656.3016677785190041       1.0596542432904243
     656.3018679119413719       1.0066675874404609
     656.3020680453636260       0.9176899716258049
     656.3022681787858801       1.0242725387215614
     656.3024683122081342       1.0386115461587906
     656.3026684456305020       0.9565610624849796
     656.3028685790527561       1.0207268800586462
     656.3030687124750102       0.8702032864093781
     656.3032688458972643       1.0187953878194094
     656.3034689793196321       1.1105773001909256
     656.3036691127418862       1.0259450860321522
     656.3038692461641403       0.9120365232229233
     656.3040693795863945       0.9476297423243523
     656.3042695130086486       1.0231551975011826
     656.3044696464310164       1.0240821335464716
     656.3046697798532705       1.0447220690548420
     656.3048699132755246       1.0297884549945593
     656.3050700466977787       1.0025787588674575
     656.3052701801201465       0.9777589086443186
     656.3054703135424006       0.9581950642168522
     656.3056704469646547       1.0128408940508962
     656.3058705803869088       0.9715771693736315
     656.3060707138092766       0.9824706502258778
     656.3062708472315308       0.9132385477423668
     656.3064709806537849       1.0079061202704906
     656.3066711140760390       1.0147344637662172
     656.3068712474984068       1.0064984173513949
     656.3070713809206609       1.0043726162984967
     656.3072715143429150       0.9873100863769650
     656.3074716477651691       0.9081615209579468
     656.3076717811875369       0.9972354562487453
     656.3078719146097910       1.1075108870863914
     656.3080720480320451       0.9922156841494143
     656.3082721814542992       0.9774873740971088
     656.3084723148766670       0.9887653039768338
     656.3086724482989212       0.9687818605452776
     656.3088725817211753       1.0527015700936317
     656.3090727151434294       0.9871082389727235
     656.3092728485656835       0.9984359549125656
     656.3094729819880513       0.9982768939808011
     656.3096731154103054       1.0439803116023540
     656.3098732488325595       1.0423544310033321
     656.3100733822548136       0.9311052784323692
     656.3102735156771814       1.0116750486195087
     656.3104736490994355       0.9802108295261860
     656.3106737825216896       1.0170939117670059
     656.3108739159439438       1.1273885220289230
     656.3110740493663116       1.0988086983561516
     656.3112741827885657       1.0648423284292221
     656.3114743162108198       1.0175758618861437
     656.3116744496330739       1.0277976989746094
     656.3118745830554417       1.0267436988651752
     656.3120747164776958       0.9941419279202819
     656.3122748498999499       1.0609292760491371
     656.3124749833222040       0.9610751084983349
     656.3126751167445718       1.0727111771702766
     656.3128752501668259       0.9870620649307966
     656.3130753835890800       0.9662286043167114
     656.3132755170113342       0.9552442468702793
     656.3134756504337020       1.0152409812435508
     656.3136757838559561       1.0193770732730627
     656.3138759172782102       1.0623036324977875
     656.3140760507004643       0.9537021853029728
     656.3142761841228321       1.0315555408596992
     656.3144763175450862       1.0043005305342376
     656.3146764509673403       0.9377616383135319
     656.3148765843895944       0.9728241115808487
     656.3150767178118485       1.0556885190308094
     656.3152768512342163       0.9860935118049383
     656.3154769846564704       0.9750952981412411
     656.3156771180787246       1.0393929146230221
     656.3158772515009787       0.9459591135382652
     656.3160773849233465       0.9546946883201599
     656.3162775183456006       1.0487051531672478
     656.3164776517678547       1.0570317395031452
     656.3166777851901088       0.9896808899939060
     656.3168779186124766       0.8967148885130882
     656.3170780520347307       0.9893917972221971
     656.3172781854569848       1.0143724260851741
     656.3174783188792389       1.0551919601857662
     656.3176784523016067       0.9270214214920998
     656.3178785857238609       1.0149054601788521
     656.3180787191461150       0.9976372737437487
     656.3182788525683691       1.0485425963997841
     656.3184789859907369       0.9347606226801872
     656.3186791194129910       0.8891706243157387
     656.3188792528352451       1.0266165230423212
     656.3190793862574992       1.1147535592317581
     656.3192795196798670       0.8725009113550186
     656.3194796531021211       1.0232164561748505
     656.3196797865243752       0.9583849161863327
     656.3198799199466293       0.9819402508437634
     656.3200800533688835       1.0724608823657036
     656.3202801867912513       0.9634381644427776
     656.3204803202135054       0.9620880782604218
     656.3206804536357595       1.0144348880276084
     656.3208805870580136       0.9710404984652996
     656.3210807204803814       0.9952004812657833
     656.3212808539026355       1.0198729615658522
     656.3214809873248896       0.9907764801755548
     656.3216811207471437       0.9541552253067493
     656.3218812541695115       1.0134828183799982
     656.3220813875917656       0.9461314082145691
     656.3222815210140197       0.8978085890412331
     656.3224816544362739       1.0445413999259472
     656.3226817878586417       0.9727519322186708
     656.3228819212808958       0.9980505943531170
     656.3230820547031499       1.0153552433475852
     656.3232821881254040       0.9593935161828995
     656.3234823215477718       0.9902738528326154
     656.3236824549700259       1.0554089844226837
     656.3238825883922800       1.0419202633202076
     656.3240827218145341       1.0712088271975517
     656.3242828552369019       1.1006001755595207
     656.3244829886591560       1.0160607732832432
     656.3246831220814101       0.9926466634497046
     656.3248832555036643       1.0697470828890800
     656.3250833889260321       1.0181385371834040
     656.3252835223482862       1.0400496684014797
     656.3254836557705403       1.0540895052254200
     656.3256837891927944       0.9656560160219669
     656.3258839226150485       0.9296628609299660
     656.3260840560374163       1.0334647111594677
     656.3262841894596704       1.0417394451797009
     656.3264843228819245       1.0245172958821058
     656.3266844563041786       0.9292239025235175
     656.3268845897265464       0.9902060516178607
     656.3270847231488005       0.9763920195400713
     656.3272848565710547       0.8928816094994542
     656.3274849899933088       1.0302115585654970
     656.3276851234156766       0.9939777450636023
     656.3278852568379307       0.9954536729492237
     656.3280853902601848       0.9950724118389175
     656.3282855236824389       1.0243811365216948
     656.3284856571048067       0.9935149140655961
     656.3286857905270608       0.9814250115305136
     656.3288859239493149       1.0496865026652742
     656.3290860573715690       0.9183517470955742
     656.3292861907939368       0.9515839256346068
     656.3294863242161910       1.0032500035594916
     656.3296864576384451       0.9616685658692972
     656.3298865910606992       0.9806512463837360
     656.3300867244830670       1.0718871876596672
     656.3302868579053211       1.0160732064395073
     656.3304869913275752       1.0102204112334483
     656.3306871247498293       0.9259938374159461
     656.3308872581721971       1.0643242448565073
     656.3310873915944512       0.9628755524749802
     656.3312875250167053       1.0228829141699427
     656.3314876584389594       1.0150195984160071
     656.3316877918612136       1.0459569320068662
     656.3318879252835814       1.0097908629084476
     656.3320880587058355       0.9293556958408420
     656.3322881921280896       1.0126781687099862
     656.3324883255503437       1.0210068095417824
     656.3326884589727115       1.0250145103700881
     656.3328885923949656       1.0854571238045025
     656.3330887258172197       0.9390629045503166
     656.3332888592394738       1.0039774994138171
     656.3334889926618416       1.0139108495467735
     656.3336891260840957       0.9914066828341390
     656.3338892595063498       0.9915985920776084
     656.3340893929286040       0.9651424064367642
     656.3342895263509718       0.9497077948145662
     656.3344896597732259       1.0307512430677053
     656.3346897931954800       0.9751355683002708
     656.3348899266177341       0.9823041927640391
     656.3350900600401019       1.0376701909441830
     656.3352901934623560       0.9835650132621965
     656.3354903268846101       1.0694283015366126
     656.3356904603068642       0.9466728966803348
     656.3358905937292320       0.9356646820771289
     656.3360907271514861       1.0386515872652828
     656.3362908605737402       0.9709377205353638
     656.3364909939959944       1.0799428112829859
     656.3366911274182485       0.9996473115404517
     656.3368912608406163       1.0406067378578450
     656.3370913942628704       1.0421415663522837
     656.3372915276851245       0.9858054705599696
     656.3374916611073786       1.0215295169176315
     656.3376917945297464       1.0656750063292302
     656.3378919279520005       1.0392190344771652
     656.3380920613742546       1.0408729014982474
     656.3382921947965087       1.0366635722719884
     656.3384923282188765       1.0575019774928713
     656.3386924616411306       0.9937767096380621
     656.3388925950633848       0.9630638547063732
     656.3390927284856389       0.9862489311155354
     656.3392928619080067       0.9647021775097265
     656.3394929953302608       1.0191536810641775
     656.3396931287525149       0.9820042063354351
     656.3398932621747690       0.9686313259323177
     656.3400933955971368       0.9784808321940395
     656.3402935290193909       1.0210913370424888
     656.3404936624416450       0.9909696634918272
     656.3406937958638991       0.9822571900398307
     656.3408939292862669       1.0031222503068564
     656.3410940627085211       1.0322617838793477
     656.3412941961307752       1.0297544292061764
     656.3414943295530293       1.0637032374972675
     656.3416944629753971       0.9814868250848082
     656.3418945963976512       1.0606694882936618
     656.3420947298199053       0.9954920742877320
     656.3422948632421594       1.0598476907292851
     656.3424949966644135       1.0940710412318690
     656.3426951300867813       1.0018583673133634
     656.3428952635090354       1.0497783934570943
     656.3430953969312895       1.0132870089038941
     656.3432955303535437       1.0602723625213544
     656.3434956637759115       1.0535641212422167
     656.3436957971981656       0.9755090976580767
     656.3438959306204197       1.0668112868077237
     656.3440960640426738       1.0647240273225282
     656.3442961974650416       0.9303894560948364
     656.3444963308872957       0.9234837405020089
     656.3446964643095498       0.9192352211276676
     656.3448965977318039       0.9442415522350556
     656.3450967311541717       1.0210466720808258
     656.3452968645764258       0.9971055910807759
     656.3454969979986799       0.9642758364717616
     656.3456971314209341       1.0197647612133482
     656.3458972648433019       0.9247544585991273
     656.3460973982655560       0.9515886663048634
     656.3462975316878101       1.0944985403319465
     656.3464976651100642       0.9747668445944708
     656.3466977985324320       0.9916925675885412
     656.3468979319546861       1.0568980978145919
     656.3470980653769402       0.9433822724425075
     656.3472981987991943       0.9706191563356193
     656.3474983322214484       1.0500999174448555
     656.3476984656438162       1.0538003742162434
     656.3478985990660703       1.0929092021597935
     656.3480987324883245       1.0312962085687287
     656.3482988659105786       0.9024268210153592
     656.3484989993329464       1.0462110747834412
     656.3486991327552005       0.9280514327587354
     656.3488992661774546       1.0166262454714063
     656.3490993995997087       0.9515696733849776
     656.3492995330220765       1.0285857477395148
     656.3494996664443306       0.9802205995508824
     656.3496997998665847       0.9343725975984606
     656.3498999332888388       0.9456592185370202
     656.3501000667112066       0.9534689990503159
     656.3503002001334607       0.8979813069664780
     656.3505003335557149       0.9916743367663864
     656.3507004669779690       0.8792443124169901
     656.3509006004003368       1.0240943382311722
     656.3511007338225909       1.0103404569082794
     656.3513008672448450       1.0087601040469989
     656.3515010006670991       1.0329033332421482
     656.3517011340894669       0.9943231174349367
     656.3519012675117210       0.9449089881604595
     656.3521014009339751       0.9931344793136925
     656.3523015343562292       0.9944987088813692
     656.3525016677785970       1.0563407531892106
     656.3527018012008512       0.9693843750901617
     656.3529019346231053       0.9345910144562760
     656.3531020680453594       0.9471057039205596
     656.3533022014676135       0.9721767539598017
     656.3535023348899813       1.0059651330632282
     656.3537024683122354       0.9985708100397870
     656.3539026017344895       0.9143342372870323
     656.3541027351567436       0.9041381838027172
     656.3543028685791114       1.0372489687930742
     656.3545030020013655       0.8329493139117523
     656.3547031354236196       0.9051121273545271
     656.3549032688458738       1.0057130454571528
     656.3551034022682416       0.9567004424152691
     656.3553035356904957       0.9181694224735323
     656.3555036691127498       0.8686561282497347
     656.3557038025350039       0.8720428156196020
     656.3559039359573717       0.8611289197312308
     656.3561040693796258       0.8790415683532219
     656.3563042028018799       0.8783888681429706
     656.3565043362241340       0.8646343331331257
     656.3567044696465018       0.8001453357372047
     656.3569046030687559       0.8191973350377939
     656.3571047364910100       0.8039371740632690
     656.3573048699132642       0.7746897769547646
     656.3575050033356320       0.8034253768502040
     656.3577051367578861       0.7618636225733122
     656.3579052701801402       0.8489593816344119
     656.3581054036023943       0.7868842665926776
     656.3583055370246484       0.8228778572565509
     656.3585056704470162       0.8658993851595735
     656.3587058038692703       0.7789051953803880
     656.3589059372915244       0.7678928523508741
     656.3591060707137785       0.8411045448587682
     656.3593062041361463       0.7332822516474057
     656.3595063375584004       0.7937985348425567
     656.3597064709806546       0.8641589239886713
     656.3599066044029087       0.8060198632261326
     656.3601067378252765       0.8239135484711688
     656.3603068712475306       0.8398298442155002
     656.3605070046697847       0.6919884519486004
     656.3607071380920388       0.8351089406327263
     656.3609072715144066       0.6595060016696264
     656.3611074049366607       0.7948429661516326
     656.3613075383589148       0.8173823400130250
     656.3615076717811689       0.7420872420580773
     656.3617078052035367       0.8238341300734104
     656.3619079386257908       0.8651337895631963
     656.3621080720480450       0.7947256014683570
     656.3623082054702991       0.6963225966708974
     656.3625083388926669       0.8217648944067986
     656.3627084723149210       0.7736693948376208
     656.3629086057371751       0.8934128361259986
     656.3631087391594292       0.8084276113510389
     656.3633088725817970       0.8424684264837573
     656.3635090060040511       0.8433640162721792
     656.3637091394263052       0.7856684383337409
     656.3639092728485593       0.8636302431632790
     656.3641094062708135       0.8059576527750654
     656.3643095396931813       0.9067110592951440
     656.3645096731154354       0.8579479559652353
     656.3647098065376895       0.8324458541161277
     656.3649099399599436       0.9149374822142444
     656.3651100733823114       0.9204347762665839
     656.3653102068045655       0.9405936239916109
     656.3655103402268196       0.9424452833258302
     656.3657104736490737       0.8821409689798466
     656.3659106070714415       0.9029466909426676
     656.3661107404936956       0.9596520150002124
     656.3663108739159497       0.9485849206001162
     656.3665110073382039       0.9502072554514643
     656.3667111407605717       1.0308913437631626
     656.3669112741828258       0.8965155701191310
     656.3671114076050799       0.9657805121853662
     656.3673115410273340       0.8740330581398839
     656.3675116744497018       0.9904617216275869
     656.3677118078719559       0.9021808288765841
     656.3679119412942100       0.9407042340677801
     656.3681120747164641       1.0321504667874175
     656.3683122081388319       1.0574862919096732
     656.3685123415610860       0.9521185189040073
     656.3687124749833401       0.8965313047363691
     656.3689126084055943       0.9987680014072459
     656.3691127418278484       0.9725530693733677
     656.3693128752502162       0.9619437306658364
     656.3695130086724703       1.0596548389965506
     656.3697131420947244       0.9401427035985589
     656.3699132755169785       1.0680158019072130
     656.3701134089393463       0.9887849533367258
     656.3703135423616004       1.0115183798641740
     656.3705136757838545       0.9559394367272278
     656.3707138092061086       0.9439002666611650
     656.3709139426284764       1.0425296435754516
     656.3711140760507305       0.9661854856456359
     656.3713142094729847       1.0129061018471517
     656.3715143428952388       0.8758148103662525
     656.3717144763176066       1.0926774661715073
     656.3719146097398607       0.9713589583670941
     656.3721147431621148       0.9521001354518097
     656.3723148765843689       0.9737572121302909
     656.3725150100067367       1.0362673308965629
     656.3727151434289908       0.9972955501117815
     656.3729152768512449       0.9884020248270479
     656.3731154102734990       1.0003930144102786
     656.3733155436958668       0.9655774050175954
     656.3735156771181209       0.9990542734956355
     656.3737158105403751       1.0407248280192356
     656.3739159439626292       0.9864601650659117
     656.3741160773849970       1.0130096650862721
     656.3743162108072511       0.9895240795070563
     656.3745163442295052       0.9496410044679130
     656.3747164776517593       0.9354927058295424
     656.3749166110740134       0.9524473024986799
     656.3751167444963812       1.0140813459907929
     656.3753168779186353       0.9605433244224647
     656.3755170113408894       1.0564155320100694
     656.3757171447631436       1.0657739644664397
     656.3759172781855113       0.8595770442364183
     656.3761174116077655       1.0979543123038229
     656.3763175450300196       1.0030816877604916
     656.3765176784522737       0.9274141412341402
     656.3767178118746415       0.9975439214298342
     656.3769179452968956       0.9987645069682834
     656.3771180787191497       1.0733411929954060
     656.3773182121414038       1.0332729015375426
     656.3775183455637716       0.9877117294649586
     656.3777184789860257       1.0444737144611076
     656.3779186124082798       1.0043284486951576
     656.3781187458305340       1.0278738131583085
     656.3783188792529018       0.9651237883598258
     656.3785190126751559       1.0095558210128570
     656.3787191460974100       0.9479666906993154
     656.3789192795196641       0.9438102757900436
     656.3791194129420319       0.9621357033955119
     656.3793195463642860       0.9926738302454999
     656.3795196797865401       0.8994603701622099
     656.3797198132087942       0.9609686768168235
     656.3799199466311620       1.0172057994257206
     656.3801200800534161       0.9285510312277587
     656.3803202134756702       1.0070819218971554
     656.3805203468979244       0.9764669036253460
     656.3807204803201785       0.9086983186312028
     656.3809206137425463       0.9739355187476464
     656.3811207471648004       0.9976546825485786
     656.3813208805870545       0.9467001883606281
     656.3815210140093086       1.0257078381187408
     656.3817211474316764       1.0543687555930457
     656.3819212808539305       0.9840442380911496
     656.3821214142761846       1.0401694849171164
     656.3823215476984387       1.0020128417718139
     656.3825216811208065       0.9656954946206053
     656.3827218145430606       1.0820436077632980
     656.3829219479653148       0.9329937897713189
     656.3831220813875689       1.0392734335031528
     656.3833222148099367       1.0325142266865077
     656.3835223482321908       0.9699131760844124
     656.3837224816544449       0.9815909616982508
     656.3839226150766990       1.0553164498539096
     656.3841227484990668       0.9879818953213704
     656.3843228819213209       0.9685416748360941
     656.3845230153435750       1.0255835386487724
     656.3847231487658291       1.0528439861907293
     656.3849232821881969       1.0392729552607423
     656.3851234156104510       0.9192326208419028
     656.3853235490327052       1.1306077532981731
     656.3855236824549593       0.9921499159703572
     656.3857238158772134       1.0054350654622681
     656.3859239492995812       1.0735503581457879
     656.3861240827218353       0.9820735992776136
     656.3863242161440894       1.0504781118114264
     656.3865243495663435       1.0074400104495105
     656.3867244829887113       1.0508727914851745
     656.3869246164109654       0.9557155481944367
     656.3871247498332195       0.9983526471392186
     656.3873248832554737       1.0621168911187489
     656.3875250166778414       1.0461067110107916
     656.3877251501000956       1.0257522649926420
     656.3879252835223497       1.0514119379125502
     656.3881254169446038       0.9367835000088810
     656.3883255503669716       0.9127318933557775
     656.3885256837892257       1.0658123493160532
     656.3887258172114798       1.0763286277627877
     656.3889259506337339       0.9320080205781404
     656.3891260840561017       0.9903285223978979
     656.3893262174783558       0.9702094849190903
     656.3895263509006099       1.0371643416577871
     656.3897264843228641       0.9977802024218980
     656.3899266177452319       0.9981781762323417
     656.3901267511674860       1.0285636037586245
     656.3903268845897401       1.0134068895130057
     656.3905270180119942       0.9485908336936542
     656.3907271514343620       1.0293728597461569
     656.3909272848566161       0.9403905309736315
     656.3911274182788702       1.0090189324691610
     656.3913275517011243       0.9453246593475150
     656.3915276851233784       0.9303241074085106
     656.3917278185457462       1.0055891489609987
     656.3919279519680003       0.9242300912737788
     656.3921280853902545       1.0112277911975940
     656.3923282188125086       0.9821454454213354
     656.3925283522348764       0.9990005221916345
     656.3927284856571305       0.9619728587567794
     656.3929286190793846       1.0289319064468136
     656.3931287525016387       1.0599339269101615
     656.3933288859240065       1.0549788363277908
     656.3935290193462606       0.9998883096486677
     656.3937291527685147       1.0108740115538239
     656.3939292861907688       0.9642440564930438
     656.3941294196131366       0.9206973612308501
     656.3943295530353907       0.9571139477193356
     656.3945296864576449       0.9898426681756973
     656.3947298198798990       1.0447444878518581
     656.3949299533022668       1.0492883175611496
     656.3951300867245209       1.0302610602229834
     656.3953302201467750       1.0519610829651356
     656.3955303535690291       0.9426439926028252
     656.3957304869913969       0.9684241078794003
     656.3959306204136510       0.9782302603125572
     656.3961307538359051       0.9121004343032837
     656.3963308872581592       1.0280198492109776
     656.3965310206804133       1.0871080160140991
     656.3967311541027811       0.9422959499061108
     656.3969312875250353       0.9634954892098904
     656.3971314209472894       0.9983371953712776
     656.3973315543695435       0.9940352230332792
     656.3975316877919113       1.0151833286508918
     656.3977318212141654       1.0643788799643517
     656.3979319546364195       1.0052322237752378
     656.3981320880586736       0.9948508990928531
     656.3983322214810414       0.9775955583900213
     656.3985323549032955       1.0119925057515502
     656.3987324883255496       0.9839677345007658
     656.3989326217478038       1.0838422998785973
     656.3991327551701715       1.0073054670356214
     656.3993328885924257       1.0024289055727422
     656.3995330220146798       0.9606461860239506
     656.3997331554369339       0.9920419296249747
     656.3999332888593017       0.9647054411470890
     656.4001334222815558       1.0093321464955807
     656.4003335557038099       1.0095456941053271
     656.4005336891260640       1.0441370420157909
     656.4007338225484318       1.0015294222394004
     656.4009339559706859       0.9798536002635956
     656.4011340893929400       0.9231600239872932
     656.4013342228151942       1.0009479191503488
     656.4015343562375620       0.9755478780716658
     656.4017344896598161       1.0112931160256267
     656.4019346230820702       1.0255899131298065
     656.4021347565043243       0.9810483269393444
     656.4023348899265784       1.0629309117794037
     656.4025350233489462       0.9847847996279597
     656.4027351567712003       0.9792142175137997
     656.4029352901934544       1.1035385876893997
     656.4031354236157085       1.0914626047015190
     656.4033355570380763       1.0221279207617044
     656.4035356904603304       1.0382474921643734
     656.4037358238825846       0.9718097597360611
     656.4039359573048387       0.9446557871997356
     656.4041360907272065       1.0138866947963834
     656.4043362241494606       0.9901697123423219
     656.4045363575717147       0.9333960488438606
     656.4047364909939688       0.9933808222413063
     656.4049366244163366       0.9876453457400203
     656.4051367578385907       1.0148631632328033
     656.4053368912608448       0.9757852423936129
     656.4055370246830989       0.8860943093895912
     656.4057371581054667       1.0809556841850281
     656.4059372915277208       0.9672595560550690
     656.4061374249499750       0.9825010336935520
     656.4063375583722291       1.0411395244300365
     656.4065376917945969       1.0313411764800549
     656.4067378252168510       1.0234318748116493
     656.4069379586391051       1.0097461408004165
     656.4071380920613592       1.0018887758487836
     656.4073382254836133       0.8958637490868568
     656.4075383589059811       0.9601073823869228
     656.4077384923282352       0.9448019452393055
     656.4079386257504893       1.0359870754182339
     656.4081387591727434       1.0080351484939456
     656.4083388925951112       1.0009258516365662
     656.4085390260173654       0.9703504797071218
     656.4087391594396195       1.0649473145604134
     656.4089392928618736       0.9648412950336933
     656.4091394262842414       0.8696146756410599
     656.4093395597064955       0.9454461559653282
     656.4095396931287496       0.9781605694442987
     656.4097398265510037       0.9152878597378731
     656.4099399599733715       0.9213295280933380
     656.4101400933956256       0.9977139658294618
     656.4103402268178797       1.0075851306319237
     656.4105403602401339       1.0051941471174359
     656.4107404936625016       1.0247006211429834
     656.4109406270847558       0.9424323439598083
     656.4111407605070099       1.0537414811551571
     656.4113408939292640       1.0136589678004384
     656.4115410273516318       1.0418395362794399
     656.4117411607738859       1.0173596516251564
     656.4119412941961400       0.9850439922884107
     656.4121414276183941       0.8905107155442238
     656.4123415610407619       0.9234045818448067
     656.4125416944630160       0.9590077884495258
     656.4127418278852701       0.9739465359598398
     656.4129419613075243       0.9631428346037865
     656.4131420947297784       0.9581540860235691
     656.4133422281521462       1.0779287964105606
     656.4135423615744003       1.1423541903495789
     656.4137424949966544       0.9654423594474792
     656.4139426284189085       1.1039079576730728
     656.4141427618412763       1.0407336354255676
     656.4143428952635304       1.0825617834925652
     656.4145430286857845       1.0352625921368599
     656.4147431621080386       1.0188608393073082
     656.4149432955304064       1.0557389631867409
     656.4151434289526605       0.9914764203131199
     656.4153435623749147       0.9114129021763802
     656.4155436957971688       0.9302299693226814
     656.4157438292195366       0.9835744146257639
     656.4159439626417907       1.0517599992454052
     656.4161440960640448       0.8788993731141090
     656.4163442294862989       0.8823956847190857
     656.4165443629086667       0.9810074958950281
     656.4167444963309208       0.9539050683379173
     656.4169446297531749       0.9740799460560083
     656.4171447631754290       0.9849903210997581
     656.4173448965977968       1.1230666041374207
     656.4175450300200509       1.0075941532850266
     656.4177451634423051       0.9605281390249729
     656.4179452968645592       1.0454419851303101
     656.4181454302869270       1.0184882618486881
     656.4183455637091811       0.9259127676486969
     656.4185456971314352       1.0178461410105228
     656.4187458305536893       1.0635795816779137
     656.4189459639759434       0.9442606270313263
     656.4191460973983112       0.9987704433733597
     656.4193462308205653       1.0079561481252313
     656.4195463642428194       1.0866573676466942
     656.4197464976650735       1.0012544367928058
     656.4199466310874413       1.0212112572044134
     656.4201467645096955       1.0068679288960993
     656.4203468979319496       1.0813458412885666
     656.4205470313542037       0.8946137279272079
     656.4207471647765715       0.9370646253228188
     656.4209472981988256       1.0422163531184196
     656.4211474316210797       1.0264340545982122
     656.4213475650433338       1.0595702715218067
     656.4215476984657016       1.0046697747893631
     656.4217478318879557       1.0228466242551804
     656.4219479653102098       1.0308719705790281
     656.4221480987324640       1.0402457229793072
     656.4223482321548317       1.0426429100334644
     656.4225483655770859       1.0478639714419842
     656.4227484989993400       0.9527276866137981
     656.4229486324215941       0.9854971887543797
     656.4231487658439619       1.0132919093593955
     656.4233488992662160       0.9961523569654673
     656.4235490326884701       1.0525357313454151
     656.4237491661107242       1.0433944910764694
     656.4239492995329783       1.0033263962250203
     656.4241494329553461       0.9746826086193323
     656.4243495663776002       1.0345966815948486
     656.4245496997998544       1.0905219614505768
     656.4247498332221085       0.9714474622160196
     656.4249499666444763       0.9785416051745415
     656.4251501000667304       0.9638787247240543
     656.4253502334889845       1.0750979855656624
     656.4255503669112386       0.9577895104885101
     656.4257505003336064       1.0439884327352047
     656.4259506337558605       1.0574218593537807
     656.4261507671781146       0.9347981661558151
     656.4263509006003687       1.0566126517951488
     656.4265510340227365       0.9576759524643421
     656.4267511674449906       0.9278814867138863
     656.4269513008672448       0.9442180097103119
     656.4271514342894989       0.9877227684482932
     656.4273515677118667       1.0287387873977423
     656.4275517011341208       0.9693529810756445
     656.4277518345563749       0.9149096831679344
     656.4279519679786290       1.0034957565367222
     656.4281521014009968       0.9920667381957173
     656.4283522348232509       1.0142133329063654
     656.4285523682455050       1.0568654797971249
     656.4287525016677591       0.9278713837265968
     656.4289526350901269       1.0006514280103147
     656.4291527685123810       0.9313099458813667
     656.4293529019346352       1.1002739071846008
     656.4295530353568893       1.1007430553436279
     656.4297531687791434       0.9896973753347993
     656.4299533022015112       0.9131880179047585
     656.4301534356237653       0.9326063618063927
     656.4303535690460194       0.9202399104833603
     656.4305537024682735       1.0219261907041073
     656.4307538358906413       1.0827666521072388
     656.4309539693128954       0.9527246765792370
     656.4311541027351495       0.9545901641249657
     656.4313542361574036       0.9949081265367568
     656.4315543695797714       1.0717739164829254
     656.4317545030020256       1.0240444000810385
     656.4319546364242797       1.0183267649263144
     656.4321547698465338       1.1054516434669495
     656.4323549032689016       0.9592436514794827
     656.4325550366911557       0.9603417851030827
     656.4327551701134098       0.9997427006019279
     656.4329553035356639       0.9922636090777814
     656.4331554369580317       0.9371573626995087
     656.4333555703802858       0.9293964505195618
     656.4335557038025399       0.9362080395221710
     656.4337558372247940       0.9801050573587418
     656.4339559706471618       1.0375970117747784
     656.4341561040694160       0.9539314396679401
     656.4343562374916701       1.0343316569924355
     656.4345563709139242       0.9157654494047165
     656.4347565043361783       0.9294427111744881
     656.4349566377585461       1.0114301918074489
     656.4351567711808002       0.9825644735246897
     656.4353569046030543       0.9901132518425584
     656.4355570380253084       1.1269813179969788
     656.4357571714476762       1.0938271135091782
     656.4359573048699303       1.0093587078154087
     656.4361574382921845       0.9984883373836055
     656.4363575717144386       1.0526901446282864
     656.4365577051368064       1.0136925969272852
     656.4367578385590605       0.9838629309087992
     656.4369579719813146       0.9422734566032887
     656.4371581054035687       0.9691456425935030
     656.4373582388259365       1.0050744186155498
     656.4375583722481906       1.0319943577051163
     656.4377585056704447       0.9533501043915749
     656.4379586390926988       0.9565084055066109
     656.4381587725150666       1.0339381843805313
     656.4383589059373207       1.0392035208642483
     656.4385590393595749       0.9656226709485054
     656.4387591727818290       0.9762131683528423
     656.4389593062041968       0.9832064229995012
     656.4391594396264509       0.9011385589838028
     656.4393595730487050       0.9560161978006363
     656.4395597064709591       0.9419313073158264
     656.4397598398933269       1.0747020766139030
     656.4399599733155810       1.0586492307484150
     656.4401601067378351       1.0231381710618734
     656.4403602401600892       0.9496000744402409
     656.4405603735823433       1.0580570660531521
     656.4407605070047111       0.9846570119261742
     656.4409606404269653       0.9716625716537237
     656.4411607738492194       1.0610823743045330
     656.4413609072714735       1.0395984873175621
     656.4415610406938413       1.0280334800481796
     656.4417611741160954       0.9862588644027710
     656.4419613075383495       1.0069494070485234
     656.4421614409606036       0.9302847757935524
     656.4423615743829714       0.9677943326532841
     656.4425617078052255       0.9776785466820002
     656.4427618412274796       0.9332779422402382
     656.4429619746497337       1.0908456370234489
     656.4431621080721015       1.1212758198380470
     656.4433622414943557       0.8900490775704384
     656.4435623749166098       1.0226457472890615
     656.4437625083388639       0.9585949294269085
     656.4439626417612317       0.9692137595266104
     656.4441627751834858       1.0030658347532153
     656.4443629086057399       1.0426245257258415
     656.4445630420279940       0.9251576662063599
     656.4447631754503618       0.9790372923016548
     656.4449633088726159       0.8996379971504211
     656.4451634422948700       0.9478851743042469
     656.4453635757171241       1.0675800517201424
     656.4455637091393783       0.9131891950964928
     656.4457638425617461       1.0816849991679192
     656.4459639759840002       0.9498302340507507
     656.4461641094062543       1.1411076635122299
     656.4463642428285084       1.0101232705637813
     656.4465643762508762       1.0294535066932440
     656.4467645096731303       0.9830167535692453
     656.4469646430953844       1.0247441772371531
     656.4471647765176385       0.9769243467599154
     656.4473649099400063       1.0597326457500458
     656.4475650433622604       0.9731965661048889
     656.4477651767845146       1.0524536073207855
     656.4479653102067687       1.0274994131177664
     656.4481654436291365       1.0102076837792993
     656.4483655770513906       0.9638508148491383
     656.4485657104736447       1.0972438678145409
     656.4487658438958988       1.0910635888576508
     656.4489659773182666       0.9860104080289602
     656.4491661107405207       1.0266602374613285
     656.4493662441627748       0.9469351656734943
     656.4495663775850289       1.0099259270355105
     656.4497665110073967       0.9426935501396656
     656.4499666444296508       1.0191457271575928
     656.4501667778519050       0.9586488194763660
     656.4503669112741591       0.9722883068025112
     656.4505670446965269       1.0916812643408775
     656.4507671781187810       0.9479369446635246
     656.4509673115410351       0.9925582422874868
     656.4511674449632892       0.9910670397803187
     656.4513675783855433       1.0098399408161640
     656.4515677118079111       0.9410772621631622
     656.4517678452301652       1.0829926431179047
     656.4519679786524193       0.9484734274446964
     656.4521681120746734       0.9482271261513233
     656.4523682454970412       0.9511736519634724
     656.4525683789192954       0.9810169506818056
     656.4527685123415495       1.0009603079524823
     656.4529686457638036       0.8585629314184189
     656.4531687791861714       0.9639659374952316
     656.4533689126084255       1.0061650956049562
     656.4535690460306796       0.9311682805418968
     656.4537691794529337       0.9595858752727509
     656.4539693128753015       0.9449270591139793
     656.4541694462975556       0.9547059573233128
     656.4543695797198097       1.0872586220502853
     656.4545697131420638       1.0340658426284790
     656.4547698465644316       1.0853330194950104
     656.4549699799866858       0.9970184296835214
     656.4551701134089399       1.0026936517097056
     656.4553702468311940       1.0172997657209635
     656.4555703802535618       0.9797435384243727
     656.4557705136758159       0.9610670544207096
     656.4559706470980700       0.9305900931358337
     656.4561707805203241       0.9519270621240139
     656.4563709139425782       1.0067390273325145
     656.4565710473649460       0.9220848307013512
     656.4567711807872001       1.0366327278316021
     656.4569713142094542       0.9827706161886454
     656.4571714476317084       0.9414123706519604
     656.4573715810540762       0.9522632397711277
     656.4575717144763303       0.9606676064431667
     656.4577718478985844       0.8767858594655991
     656.4579719813208385       1.0073185013607144
     656.4581721147432063       0.9610420204699039
     656.4583722481654604       0.9870598139241338
     656.4585723815877145       1.0145955309271812
     656.4587725150099686       1.0756599083542824
     656.4589726484323364       1.0401928536593914
     656.4591727818545905       0.9682586826384068
     656.4593729152768447       0.9463445954024792
     656.4595730486990988       0.9416660293936729
     656.4597731821214666       0.9020767882466316
     656.4599733155437207       0.9472548663616180
     656.4601734489659748       1.0622587166726589
     656.4603735823882289       1.0356157347559929
     656.4605737158105967       1.0189323462545872
     656.4607738492328508       1.0413834750652313
     656.4609739826551049       1.0116421459242702
     656.4611741160773590       0.9803166724741459
     656.4613742494997268       0.9365496337413788
     656.4615743829219809       0.9997434804972727
     656.4617745163442351       0.9718236569315195
     656.4619746497664892       0.9331372231245041
     656.4621747831887433       1.0111075807362795
     656.4623749166111111       1.0396768525242805
     656.4625750500333652       1.0278231948614120
     656.4627751834556193       1.0800604745745659
     656.4629753168778734       1.0383231788873672
     656.4631754503002412       1.0422813780605793
     656.4633755837224953       0.9133754670619965
     656.4635757171447494       1.0192449893802404
     656.4637758505670035       0.9570009931921959
     656.4639759839893713       1.0226883534342051
     656.4641761174116255       0.9835731852799654
     656.4643762508338796       1.0773196443915367
     656.4645763842561337       0.9689589831978083
     656.4647765176785015       1.0621421411633492
     656.4649766511007556       1.0019507919205353
     656.4651767845230097       0.9514423273503780
     656.4653769179452638       0.9839667417109013
     656.4655770513676316       0.9951937934383750
     656.4657771847898857       1.0016215809155256
     656.4659773182121398       0.9434537403285503
     656.4661774516343939       0.9350549504160881
     656.4663775850567617       0.9531373158097267
     656.4665777184790159       1.0542507730424404
     656.4667778519012700       1.0339750051498413
     656.4669779853235241       0.9564809240400791
     656.4671781187458919       0.9338528811931610
     656.4673782521681460       0.9864286854863167
     656.4675783855904001       1.0363080203533173
     656.4677785190126542       1.0605281963944435
     656.4679786524349083       0.9353976547718048
     656.4681787858572761       0.9302392601966858
     656.4683789192795302       1.0214252397418022
     656.4685790527017843       0.9641392007470131
     656.4687791861240385       0.9884694656357169
     656.4689793195464063       1.0438584946095943
     656.4691794529686604       1.0459657125174999
     656.4693795863909145       1.0213098973035812
     656.4695797198131686       1.0593049228191376
     656.4697798532355364       1.0080652190372348
     656.4699799866577905       1.0338966622948647
     656.4701801200800446       1.0394528843462467
     656.4703802535022987       0.9917449438944459
     656.4705803869246665       0.9016571342945099
     656.4707805203469206       0.9504005536437035
     656.4709806537691748       1.0547096692025661
     656.4711807871914289       0.9390829689800739
     656.4713809206137967       0.9925511730834842
     656.4715810540360508       1.0290057267993689
     656.4717811874583049       0.9582882858812809
     656.4719813208805590       1.0096120154485106
     656.4721814543029268       0.9750309474766254
     656.4723815877251809       0.9980708922958001
     656.4725817211474350       0.9782463982701302
     656.4727818545696891       0.9111189246177673
     656.4729819879919432       1.0387966968119144
     656.4731821214143110       0.9836803562939167
     656.4733822548365652       1.0269136261194944
     656.4735823882588193       0.9633198045194149
     656.4737825216810734       1.0243802815675735
     656.4739826551034412       0.9358179345726967
     656.4741827885256953       0.9716441035270691
     656.4743829219479494       0.9699960667639971
     656.4745830553702035       0.9757818523794413
     656.4747831887925713       1.0031326797325164
     656.4749833222148254       1.1051405593752861
     656.4751834556370795       0.9899054523557425
     656.4753835890593336       0.9952725609764457
     656.4755837224817014       1.0473213344812393
     656.4757838559039556       0.8868267759680748
     656.4759839893262097       0.9828046113252640
     656.4761841227484638       1.0243645254522562
     656.4763842561708316       0.9802864231169224
     656.4765843895930857       0.9298667982220650
     656.4767845230153398       1.0259276777505875
     656.4769846564375939       1.0141342775896192
     656.4771847898599617       0.9767402168363333
     656.4773849232822158       0.9993467443273403
     656.4775850567044699       1.0269208289682865
     656.4777851901267240       1.0855307802557945
     656.4779853235490918       0.9239042401313782
     656.4781854569713460       0.9342119470238686
     656.4783855903936001       1.0448050536215305
     656.4785857238158542       0.9662741571664810
     656.4787858572381083       0.9676721058785915
     656.4789859906604761       0.9833624083548784
     656.4791861240827302       1.0059454650618136
     656.4793862575049843       1.0080034965649247
     656.4795863909272384       0.9894959079101682
     656.4797865243496062       1.0335891507565975
     656.4799866577718603       0.9949513077735901
     656.4801867911941144       1.0234274845570326
     656.4803869246163686       1.0673824772238731
     656.4805870580387364       0.9472719468176365
     656.4807871914609905       0.9762395024299622
     656.4809873248832446       0.9913177089765668
     656.4811874583054987       0.9636612907052040
     656.4813875917278665       0.8774806112051010
     656.4815877251501206       1.0285951197147369
     656.4817878585723747       0.9543398953974247
     656.4819879919946288       0.9630089960992336
     656.4821881254169966       1.1478961110115051
     656.4823882588392507       0.9644695706665516
     656.4825883922615049       0.9981369482120499
     656.4827885256837590       1.0394676402211189
     656.4829886591061268       1.0115951960906386
     656.4831887925283809       0.9748489409685135
     656.4833889259506350       0.9491722509264946
     656.4835890593728891       1.0254722125828266
     656.4837891927951432       0.9639417752623558
     656.4839893262175110       0.9390422999858856
     656.4841894596397651       1.0040535270236433
     656.4843895930620192       0.8114378154277802
     656.4845897264842733       0.9721462968736887
     656.4847898599066411       1.0121555840596557
     656.4849899933288953       0.9663832187652588
     656.4851901267511494       0.9789885394275188
     656.4853902601734035       1.0339561477303505
     656.4855903935957713       1.0813668891787529
     656.4857905270180254       1.0227674935013056
     656.4859906604402795       0.8598477393388748
     656.4861907938625336       0.9675371162593365
     656.4863909272849014       1.0153881488367915
     656.4865910607071555       1.0105065610259771
     656.4867911941294096       1.0401848666369915
     656.4869913275516637       1.0093592563644052
     656.4871914609740315       0.9947411171160638
     656.4873915943962857       0.9510732255876064
     656.4875917278185398       0.9803986605256796
     656.4877918612407939       0.9975214859005064
     656.4879919946631617       0.9580719061195850
     656.4881921280854158       1.0198885332792997
     656.4883922615076699       1.0180841889232397
     656.4885923949299240       0.9617466367781162
     656.4887925283522918       0.9298410117626190
     656.4889926617745459       1.0204897504299879
     656.4891927951968000       0.9802625011652708
     656.4893929286190541       0.9317315593361855
     656.4895930620413083       0.9848362784832716
     656.4897931954636761       1.0379406958818436
     656.4899933288859302       0.9558291956782341
     656.4901934623081843       1.0928890705108643
     656.4903935957304384       1.0330339446663857
     656.4905937291528062       1.0215081926435232
     656.4907938625750603       0.9909330727532506
     656.4909939959973144       0.9851696249097586
     656.4911941294195685       1.0154955685138702
     656.4913942628419363       1.0774296224117279
     656.4915943962641904       1.1151003986597061
     656.4917945296864445       0.9634148925542831
     656.4919946631086987       1.0191776510328054
     656.4921947965310665       1.0140109360218048
     656.4923949299533206       0.9896943718194962
     656.4925950633755747       0.9954853942617774
     656.4927951967978288       0.9815837983042002
     656.4929953302201966       1.0489961840212345
     656.4931954636424507       1.0670772716403008
     656.4933955970647048       1.0258032884448767
     656.4935957304869589       1.0082550020888448
     656.4937958639093267       1.0188196431845427
     656.4939959973315808       1.0177493318915367
     656.4941961307538350       0.9300852790474892
     656.4943962641760891       0.9563492313027382
     656.4945963975983432       1.1662663072347641
     656.4947965310207110       1.0752380043268204
     656.4949966644429651       1.0630169436335564
     656.4951967978652192       1.0193177945911884
     656.4953969312874733       1.0415366180241108
     656.4955970647098411       1.0734717845916748
     656.4957971981320952       1.0500649996101856
     656.4959973315543493       1.0500989146530628
     656.4961974649766034       0.9998667085455963
     656.4963975983989712       1.1007670387625694
     656.4965977318212254       0.9859507009387016
     656.4967978652434795       0.9779602382332087
     656.4969979986657336       0.9737862646579742
     656.4971981320881014       1.0387230627238750
     656.4973982655103555       1.0011532597709447
     656.4975983989326096       1.1045411378145218
     656.4977985323548637       0.9448787607252598
     656.4979986657772315       0.9819511882960796
     656.4981987991994856       1.0069691613316536
     656.4983989326217397       1.0728324800729752
     656.4985990660439938       0.9393531717360020
     656.4987991994663616       0.9822226613759995
     656.4989993328886158       0.9746875520795584
     656.4991994663108699       1.0146807003766298
     656.4993995997331240       0.9756166823208332
     656.4995997331554918       0.9275103807449341
     656.4997998665777459       0.9756316971033812
     656.5000000000000000       0.8880148604512215
