     656.2000000000000455       0.8659049272537231
     656.2002001334222996       1.0252786464989185
     656.2004002668445537       0.9164999201893806
     656.2006004002669215       1.0398452430963516
     656.2008005336891756       1.0086942128837109
     656.2010006671114297       0.9205749258399010
     656.2012008005336838       1.0399515479803085
     656.2014009339560516       1.0262032281607389
     656.2016010673783057       1.0224367268383503
     656.2018012008005599       1.0094558065757155
     656.2020013342228140       1.1026323363184929
     656.2022014676451818       1.0198939554393291
     656.2024016010674359       0.9914104240015149
     656.2026017344896900       1.0525180064141750
     656.2028018679119441       0.9899585293605924
     656.2030020013343119       1.0336966887116432
     656.2032021347565660       0.9469513781368732
     656.2034022681788201       1.0813603177666664
     656.2036024016010742       0.9726276937872171
     656.2038025350234420       0.9926406210288405
     656.2040026684456961       0.9871461438015103
     656.2042028018679503       0.9714742321521044
     656.2044029352902044       0.9789347667247057
     656.2046030687125722       1.0705792233347893
     656.2048032021348263       0.9882129030302167
     656.2050033355570804       1.0264311712235212
     656.2052034689793345       0.9375306889414787
     656.2054036024017023       0.9793603438884020
     656.2056037358239564       0.9140901640057564
     656.2058038692462105       1.0737200528383255
     656.2060040026684646       1.0549166090786457
     656.2062041360907187       0.9873008336871862
     656.2064042695130865       0.9482324719429016
     656.2066044029353407       0.9361050873994827
     656.2068045363575948       0.9472598060965538
     656.2070046697798489       0.9458330161869526
     656.2072048032022167       1.0065319524146616
     656.2074049366244708       1.1448843777179718
     656.2076050700467249       1.0370762273669243
     656.2078052034689790       1.0575580708682537
     656.2080053368913468       1.0478577725589275
     656.2082054703136009       0.9897176930680871
     656.2084056037358550       0.9846749911084771
     656.2086057371581092       0.9293614104390144
     656.2088058705804769       1.0299847815185785
     656.2090060040027311       1.0479207150638103
     656.2092061374249852       1.0305448453873396
     656.2094062708472393       1.0617776215076447
     656.2096064042696071       1.0166134070605040
     656.2098065376918612       0.9927280382253230
     656.2100066711141153       0.9239677265286446
     656.2102068045363694       1.0287960860878229
     656.2104069379587372       0.9455344676971436
     656.2106070713809913       1.0406646244227886
     656.2108072048032454       1.0317589305341244
     656.2110073382254996       1.0322045199573040
     656.2112074716477537       0.9998184348223731
     656.2114076050701215       0.9755447749048471
     656.2116077384923756       0.9661352224647999
     656.2118078719146297       0.9904312239959836
     656.2120080053368838       0.9937947676517069
     656.2122081387592516       1.0416092760860920
     656.2124082721815057       1.0626475363969803
     656.2126084056037598       1.0015032804803923
     656.2128085390260139       0.9451435208320618
     656.2130086724483817       1.0362845510244370
     656.2132088058706358       1.0124219274148345
     656.2134089392928900       1.0129581158980727
     656.2136090727151441       1.0200893599539995
     656.2138092061375119       0.9944276502355933
     656.2140093395597660       1.0388168096542358
     656.2142094729820201       1.0435446687042713
     656.2144096064042742       1.0597710572183132
     656.2146097398266420       0.9208540022373199
     656.2148098732488961       0.9256470054388046
     656.2150100066711502       0.9928811369463801
     656.2152101400934043       1.0189750250428915
     656.2154102735157721       1.0134728774428368
     656.2156104069380262       1.0744922533631325
     656.2158105403602804       1.0353983193635941
     656.2160106737825345       0.9394100792706013
     656.2162108072049023       0.9508547894656658
     656.2164109406271564       0.9921138463541865
     656.2166110740494105       0.9664486385881901
     656.2168112074716646       1.0293510314077139
     656.2170113408939187       0.9554776027798653
     656.2172114743162865       1.0175030138343573
     656.2174116077385406       1.0338105522096157
     656.2176117411607947       0.9819662664085627
     656.2178118745830488       0.9877633433789015
     656.2180120080054166       1.0710358843207359
     656.2182121414276708       0.9280600324273109
     656.2184122748499249       1.0465608760714531
     656.2186124082721790       0.9854287328198552
     656.2188125416945468       1.0325454436242580
     656.2190126751168009       0.9393972642719746
     656.2192128085390550       1.0674026682972908
     656.2194129419613091       1.0473430156707764
     656.2196130753836769       1.0611238442361355
     656.2198132088059310       1.0195480082184076
     656.2200133422281851       1.0409648828208447
     656.2202134756504392       1.0762162581086159
     656.2204136090728070       1.0284911394119263
     656.2206137424950612       1.0151165975257754
     656.2208138759173153       1.1041486486792564
     656.2210140093395694       0.9721413422375917
     656.2212141427619372       1.1005436331033707
     656.2214142761841913       1.0837573930621147
     656.2216144096064454       0.9228153750300407
     656.2218145430286995       0.9733559601008892
     656.2220146764509536       1.0145145459100604
     656.2222148098733214       1.0705973431468010
     656.2224149432955755       0.9266370907425880
     656.2226150767178297       0.9998918213386787
     656.2228152101400838       0.8933586925268173
     656.2230153435624516       1.0728907659649849
     656.2232154769847057       0.9781232643872499
     656.2234156104069598       1.0544600151479244
     656.2236157438292139       1.0253412332385778
     656.2238158772515817       0.9913876615464687
     656.2240160106738358       0.9828124660998583
     656.2242161440960899       1.0596429072320461
     656.2244162775183440       1.0950306653976440
     656.2246164109407118       0.9449303485453129
     656.2248165443629659       1.0242360550910234
     656.2250166777852201       0.9775951392948627
     656.2252168112074742       1.0075881103985012
     656.2254169446298420       1.0149867786094546
     656.2256170780520961       0.9653928615152836
     656.2258172114743502       0.9104276001453400
     656.2260173448966043       1.0450208634138107
     656.2262174783189721       1.0014231300447136
     656.2264176117412262       0.8859610632061958
     656.2266177451634803       1.0179491639137268
     656.2268178785857344       1.0448668263852596
     656.2270180120081022       0.9886457705870271
     656.2272181454303563       1.0027528137434274
     656.2274182788526105       0.9732656087726355
     656.2276184122748646       0.9741434622555971
     656.2278185456971187       1.0565352626144886
     656.2280186791194865       0.8905822709202766
     656.2282188125417406       0.9860293352976441
     656.2284189459639947       1.0271451007574797
     656.2286190793862488       1.0211044903844595
     656.2288192128086166       0.9449751861393452
     656.2290193462308707       1.0154097499325871
     656.2292194796531248       1.0002626596542541
     656.2294196130753789       1.0182501878589392
     656.2296197464977467       1.0106325838714838
     656.2298198799200009       0.9590163715183735
     656.2300200133422550       0.9314065873622894
     656.2302201467645091       0.9609994739294052
     656.2304202801868769       1.0359920412302017
     656.2306204136091310       0.9806738588958979
     656.2308205470313851       1.0969617664813995
     656.2310206804536392       1.0181736815720797
     656.2312208138760070       0.9976745687890798
     656.2314209472982611       1.0372638665139675
     656.2316210807205152       1.0579428672790527
     656.2318212141427693       1.0025966954417527
     656.2320213475651371       1.0956520512700081
     656.2322214809873913       0.9384365677833557
     656.2324216144096454       0.9821416754275560
     656.2326217478318995       1.0268490072339773
     656.2328218812541536       0.9647109508514404
     656.2330220146765214       1.0003789793117903
     656.2332221480987755       0.9280306473374367
     656.2334222815210296       1.0199366118758917
     656.2336224149432837       1.0090503897517920
     656.2338225483656515       1.0298855695873499
     656.2340226817879056       0.9941805279813707
     656.2342228152101598       0.9114897921681404
     656.2344229486324139       0.9191882163286209
     656.2346230820547817       0.9956916407682002
     656.2348232154770358       1.0005134679959156
     656.2350233488992899       0.9965534305665642
     656.2352234823215440       1.0959968268871307
     656.2354236157439118       0.9187281355261803
     656.2356237491661659       0.9424403049051762
     656.2358238825884200       1.1055017039179802
     656.2360240160106741       0.9884062232449651
     656.2362241494330419       1.0513759516179562
     656.2364242828552960       0.9970369825605303
     656.2366244162775502       1.0816302597522736
     656.2368245496998043       0.8981982097029686
     656.2370246831221721       1.0035358530003577
     656.2372248165444262       0.9608581066131592
     656.2374249499666803       0.9699405431747437
     656.2376250833889344       1.0708989799022675
     656.2378252168113022       1.0671340450644493
     656.2380253502335563       0.9928754409775138
     656.2382254836558104       0.9988487748196349
     656.2384256170780645       1.0025581468362361
     656.2386257505003186       0.9286176636815071
     656.2388258839226864       0.9523471482098103
     656.2390260173449406       1.0183910410851240
     656.2392261507671947       0.9111644104123116
     656.2394262841894488       0.9689564201980829
     656.2396264176118166       0.9988591575529426
     656.2398265510340707       1.0100851980969310
     656.2400266844563248       0.9923548591323197
     656.2402268178785789       0.8987919762730598
     656.2404269513009467       1.0225492157042027
     656.2406270847232008       0.9959290553815663
     656.2408272181454549       1.0137188984081149
     656.2410273515677090       0.9845679672434926
     656.2412274849900768       1.0210918243974447
     656.2414276184123310       1.1073153018951416
     656.2416277518345851       1.0213065128773451
     656.2418278852568392       1.0451848693192005
     656.2420280186792070       1.0536333508789539
     656.2422281521014611       1.0071450197137892
     656.2424282855237152       1.0032254264224321
     656.2426284189459693       0.9678078740835190
     656.2428285523683371       1.0820268616080284
     656.2430286857905912       1.0291496701538563
     656.2432288192128453       1.0117775937542319
     656.2434289526350994       0.9307570233941078
     656.2436290860574672       0.9862921936437488
     656.2438292194797214       0.9661146327853203
     656.2440293529019755       0.9647250361740589
     656.2442294863242296       0.9639355540275574
     656.2444296197464837       0.9968647521454841
     656.2446297531688515       1.0277145355939865
     656.2448298865911056       0.9162071123719215
     656.2450300200133597       1.0613897927105427
     656.2452301534356138       0.9790661502629519
     656.2454302868579816       1.0535366311669350
     656.2456304202802357       1.0749256387352943
     656.2458305537024899       0.9897743621841073
     656.2460306871247440       0.9763415846973658
     656.2462308205471118       0.9923286014236510
     656.2464309539693659       0.9848176492378116
     656.2466310873916200       1.0203072261065245
     656.2468312208138741       1.0905299037694931
     656.2470313542362419       1.0444150231778622
     656.2472314876584960       1.0253091696649790
     656.2474316210807501       0.9580130092799664
     656.2476317545030042       0.9947843700647354
     656.2478318879253720       0.9704309199005365
     656.2480320213476261       0.9836028087884188
     656.2482321547698803       0.9946205900050700
     656.2484322881921344       0.9506052248179913
     656.2486324216145022       1.0682223066687584
     656.2488325550367563       0.9437511302530766
     656.2490326884590104       0.9268486574292183
     656.2492328218812645       0.9395855292677879
     656.2494329553035186       0.9563501290977001
     656.2496330887258864       1.0002072400675388
     656.2498332221481405       0.9852556884288788
     656.2500333555703946       0.9388988725841045
     656.2502334889926487       1.0634746998548508
     656.2504336224150165       0.9637702628970146
     656.2506337558372707       1.0231860559433699
     656.2508338892595248       0.9628346040844917
     656.2510340226817789       1.0451838187873363
     656.2512341561041467       0.9508195482194424
     656.2514342895264008       0.9957192926667631
     656.2516344229486549       0.9332451373338699
     656.2518345563709090       1.0815021321177483
     656.2520346897932768       1.0649959817528725
     656.2522348232155309       1.0014633615501225
     656.2524349566377850       0.9224519059062004
     656.2526350900600391       0.9500675089657307
     656.2528352234824069       1.0776609033346176
     656.2530353569046611       1.0654827132821083
     656.2532354903269152       0.9760780092328787
     656.2534356237491693       0.9616608172655106
     656.2536357571715371       0.9503859654068947
     656.2538358905937912       0.9601193778216839
     656.2540360240160453       0.9526878595352173
     656.2542361574382994       0.9814100302755833
     656.2544362908606672       1.0577735900878906
     656.2546364242829213       1.0429463610053062
     656.2548365577051754       0.9929610942490399
     656.2550366911274295       0.8905541747808456
     656.2552368245496837       1.0648025870323181
     656.2554369579720515       1.0050610364414752
     656.2556370913943056       1.0333382375538349
     656.2558372248165597       1.0051015871576965
     656.2560373582388138       0.9856156213209033
     656.2562374916611816       0.9750474020838737
     656.2564376250834357       1.0145584940910339
     656.2566377585056898       0.9425548128783703
     656.2568378919279439       1.0395931154489517
     656.2570380253503117       0.9599820710718632
     656.2572381587725658       1.0241375602781773
     656.2574382921948200       0.9663204587996006
     656.2576384256170741       1.0324051491916180
     656.2578385590394419       1.0163867156952620
     656.2580386924616960       0.9674781039357185
     656.2582388258839501       0.9428124427795410
     656.2584389593062042       0.9797270800918341
     656.2586390927285720       0.9313288405537605
     656.2588392261508261       1.0269593428820372
     656.2590393595730802       1.0240367501974106
     656.2592394929953343       0.9738939404487610
     656.2594396264177021       0.9952025641687214
     656.2596397598399562       0.9560283608734608
     656.2598398932622104       1.0061324113048613
     656.2600400266844645       1.0242379922419786
     656.2602401601067186       0.9916407056152821
     656.2604402935290864       0.9919697027653456
     656.2606404269513405       0.9637822248041630
     656.2608405603735946       0.8875731229782104
     656.2610406937958487       1.0075416266918182
     656.2612408272182165       1.0143211930990219
     656.2614409606404706       0.9696424175053835
     656.2616410940627247       1.0105153070762753
     656.2618412274849788       0.9391709752380848
     656.2620413609073466       1.0161175169050694
     656.2622414943296008       0.9553006626665592
     656.2624416277518549       0.9745806623250246
     656.2626417611741090       1.0938496589660645
     656.2628418945964768       0.9972916380502284
     656.2630420280187309       1.0010891550919041
     656.2632421614409850       1.0484434328973293
     656.2634422948632391       0.9926402405835688
     656.2636424282856069       0.9685283303260803
     656.2638425617078610       1.0167593359947205
     656.2640426951301151       1.0095177944749594
     656.2642428285523692       0.9828119743615389
     656.2644429619747370       0.9704653136432171
     656.2646430953969912       1.0150892678648233
     656.2648432288192453       1.0078133679926395
     656.2650433622414994       0.9803681485354900
     656.2652434956638672       0.9833879470825195
     656.2654436290861213       1.0047115450724959
     656.2656437625083754       1.0450640022754669
     656.2658438959306295       0.9680231697857380
     656.2660440293528836       0.9357643201947212
     656.2662441627752514       1.0574407055974007
     656.2664442961975055       1.0186647605150938
     656.2666444296197596       1.0294485576450825
     656.2668445630420138       1.0054070088081062
     656.2670446964643816       1.0181498061865568
     656.2672448298866357       0.9970879035536200
     656.2674449633088898       0.9901763135567307
     656.2676450967311439       1.0509635880589485
     656.2678452301535117       0.9223706871271133
     656.2680453635757658       0.9990325750550255
     656.2682454969980199       0.9744717478752136
     656.2684456304202740       1.0383105278015137
     656.2686457638426418       1.0150659428909421
     656.2688458972648959       1.0739910155534744
     656.2690460306871501       0.9644387178122997
     656.2692461641094042       0.9892236441373825
     656.2694462975317720       0.9470993094146252
     656.2696464309540261       0.9973626623395830
     656.2698465643762802       1.0945861116051674
     656.2700466977985343       1.0710112899541855
     656.2702468312209021       0.9812037814408541
     656.2704469646431562       1.0234960336238146
     656.2706470980654103       1.1482003182172775
     656.2708472314876644       0.9978266011457890
     656.2710473649099185       0.9358492940664291
     656.2712474983322863       0.9153802171349525
     656.2714476317545405       0.8954036608338356
     656.2716477651767946       1.0744096711277962
     656.2718478985990487       0.9169588536024094
     656.2720480320214165       0.9224643707275391
     656.2722481654436706       0.8928619101643562
     656.2724482988659247       0.9955502380616963
     656.2726484322881788       0.9204858541488647
     656.2728485657105466       0.9577820822596550
     656.2730486991328007       1.0225029606372118
     656.2732488325550548       1.0790005698800087
     656.2734489659773089       1.1140749678015709
     656.2736490993996767       1.0046105063520372
     656.2738492328219309       1.0369706414639950
     656.2740493662441850       0.9424556978046894
     656.2742494996664391       1.0101073328405619
     656.2744496330888069       1.0910865664482117
     656.2746497665110610       1.1206741929054260
     656.2748498999333151       0.9807097706943750
     656.2750500333555692       1.0192619655281305
     656.2752501667779370       1.0267343614250422
     656.2754503002001911       0.9444657303392887
     656.2756504336224452       1.0634057968854904
     656.2758505670446993       0.9324127659201622
     656.2760507004670671       0.8882302865386009
     656.2762508338893213       0.9935455061495304
     656.2764509673115754       1.0531481094658375
     656.2766511007338295       1.0842895582318306
     656.2768512341560836       1.0997314900159836
     656.2770513675784514       0.9459802396595478
     656.2772515010007055       1.1103194728493690
     656.2774516344229596       1.0068667465820909
     656.2776517678452137       1.0330104343593121
     656.2778519012675815       1.0082389079034328
     656.2780520346898356       0.9835476186126471
     656.2782521681120897       1.0107827587053180
     656.2784523015343439       1.0258526187390089
     656.2786524349567117       0.9712835159152746
     656.2788525683789658       0.9384761378169060
     656.2790527018012199       0.9001597911119461
     656.2792528352234740       0.9740268532186747
     656.2794529686458418       0.9844075245782733
     656.2796531020680959       1.0054918364621699
     656.2798532354903500       0.9722767733037472
     656.2800533689126041       1.0173161271959543
     656.2802535023349719       1.0317926481366158
     656.2804536357572260       1.1337914466857910
     656.2806537691794802       1.0101319262757897
     656.2808539026017343       0.9934256304986775
     656.2810540360241021       0.9989618289982900
     656.2812541694463562       1.0638113841414452
     656.2814543028686103       1.0726901292800903
     656.2816544362908644       0.9933758326806128
     656.2818545697131185       1.0722306892275810
     656.2820547031354863       0.9300479590892792
     656.2822548365577404       1.0096115991473198
     656.2824549699799945       1.0614302642643452
     656.2826551034022486       1.1116878390312195
     656.2828552368246164       0.9788839947432280
     656.2830553702468706       1.0207983385771513
     656.2832555036691247       0.9792816936969757
     656.2834556370913788       1.0138224055990577
     656.2836557705137466       0.9980212964583188
     656.2838559039360007       0.9811528455466032
     656.2840560373582548       0.9660893008112907
     656.2842561707805089       0.9827437084168196
     656.2844563042028767       0.9743639286607504
     656.2846564376251308       0.9588644243776798
     656.2848565710473849       1.0518833808600903
     656.2850567044696390       0.9243630319833755
     656.2852568378920068       1.0198885742574930
     656.2854569713142610       0.9062853083014488
     656.2856571047365151       0.9597303941845894
     656.2858572381587692       1.0155728189274669
     656.2860573715811370       1.0099616292864084
     656.2862575050033911       1.0055651837028563
     656.2864576384256452       0.9939431846141815
     656.2866577718478993       1.0083406260237098
     656.2868579052702671       1.0447095930576324
     656.2870580386925212       1.0014915828360245
     656.2872581721147753       1.0095555000007153
     656.2874583055370294       0.9858870608732104
     656.2876584389592836       1.0534359104931355
     656.2878585723816514       0.9953023628331721
     656.2880587058039055       0.9821667578071356
     656.2882588392261596       1.0631823241710663
     656.2884589726484137       0.9463099129498005
     656.2886591060707815       0.8932176008820534
     656.2888592394930356       0.9320730343461037
     656.2890593729152897       1.0258805006742477
     656.2892595063375438       0.9876802777871490
     656.2894596397599116       0.9358054921030998
     656.2896597731821657       0.9900577953085303
     656.2898599066044198       0.9076399281620979
     656.2900600400266740       1.0416756980121136
     656.2902601734490418       1.1062927469611168
     656.2904603068712959       0.9850363982841372
     656.2906604402935500       0.9343695268034935
     656.2908605737158041       0.9958101795054972
     656.2910607071381719       1.1156321540474892
     656.2912608405604260       0.9543615654110909
     656.2914609739826801       1.0205341931432486
     656.2916611074049342       1.0244961511343718
     656.2918612408273020       0.9788197949528694
     656.2920613742495561       0.9975806493312120
     656.2922615076718103       0.9705949183553457
     656.2924616410940644       1.0692443400621414
     656.2926617745164322       0.9767551049590111
     656.2928619079386863       0.9758809097111225
     656.2930620413609404       0.8733238875865936
     656.2932621747831945       0.9668948426842690
     656.2934623082054486       0.9615194164216518
     656.2936624416278164       0.9671317301690578
     656.2938625750500705       0.9717314708977938
     656.2940627084723246       1.0386132076382637
     656.2942628418945787       1.0061482382006943
     656.2944629753169465       1.0582616701722145
     656.2946631087392007       1.0616856478154659
     656.2948632421614548       1.0377673469483852
     656.2950633755837089       0.9573788829147816
     656.2952635090060767       0.9217427447438240
     656.2954636424283308       0.9462551660835743
     656.2956637758505849       1.0173111539334059
     656.2958639092728390       0.9376849271357059
     656.2960640426952068       1.0740031972527504
     656.2962641761174609       1.0065241903066635
     656.2964643095397150       1.0065895407460630
     656.2966644429619691       1.0930586531758308
     656.2968645763843369       0.9515546038746834
     656.2970647098065911       0.9221366643905640
     656.2972648432288452       1.0352701023221016
     656.2974649766510993       1.0612452700734138
     656.2976651100734671       1.0108401654288173
     656.2978652434957212       1.0022321406286210
     656.2980653769179753       1.0146821290254593
     656.2982655103402294       0.9146456196904182
     656.2984656437624835       1.0233701206743717
     656.2986657771848513       1.0098563116043806
     656.2988659106071054       0.9880272801965475
     656.2990660440293595       0.9736307822167873
     656.2992661774516137       1.0839108377695084
     656.2994663108739815       0.9895104076713324
     656.2996664442962356       0.9821649026125669
     656.2998665777184897       0.8992419317364693
     656.3000667111407438       0.9987589496886358
     656.3002668445631116       0.9432569555938244
     656.3004669779853657       1.0614336133003235
     656.3006671114076198       0.9312872663140297
     656.3008672448298739       1.0353599227964878
     656.3010673782522417       0.9843194819986820
     656.3012675116744958       1.0171232279390097
     656.3014676450967499       0.9778694752603769
     656.3016677785190041       1.0274373982101679
     656.3018679119413719       1.0441329702734947
     656.3020680453636260       1.0141242668032646
     656.3022681787858801       0.9797423537820578
     656.3024683122081342       0.9297154322266579
     656.3026684456305020       1.1042494997382164
     656.3028685790527561       1.0009359400137328
     656.3030687124750102       0.9744437485933304
     656.3032688458972643       1.0104093244299293
     656.3034689793196321       0.9440505318343639
     656.3036691127418862       1.0291525162756443
     656.3038692461641403       0.9380068108439445
     656.3040693795863945       1.0708056315779686
     656.3042695130086486       0.9768891129642725
     656.3044696464310164       0.9686339758336544
     656.3046697798532705       0.9157948493957520
     656.3048699132755246       0.9905184051021934
     656.3050700466977787       0.9012543633580208
     656.3052701801201465       1.0044091092422605
     656.3054703135424006       1.0554187186062336
     656.3056704469646547       1.0044073215685785
     656.3058705803869088       0.8848638981580734
     656.3060707138092766       0.9693905804306269
     656.3062708472315308       1.0579859726130962
     656.3064709806537849       1.0183973014354706
     656.3066711140760390       1.1337159126996994
     656.3068712474984068       1.0041896710172296
     656.3070713809206609       0.9208768755197525
     656.3072715143429150       0.9737879429012537
     656.3074716477651691       0.9881628630682826
     656.3076717811875369       1.0153243020176888
     656.3078719146097910       1.0385090000927448
     656.3080720480320451       0.9059465676546097
     656.3082721814542992       0.9895915593951941
     656.3084723148766670       0.9686545617878437
     656.3086724482989212       0.9990017930977046
     656.3088725817211753       0.9449178799986839
     656.3090727151434294       0.8806096166372299
     656.3092728485656835       0.9354659691452980
     656.3094729819880513       1.0072403657250106
     656.3096731154103054       1.0141562120988965
     656.3098732488325595       1.0361443683505058
     656.3100733822548136       1.0323785431683064
     656.3102735156771814       1.1204535737633705
     656.3104736490994355       1.0439458489418030
     656.3106737825216896       1.0515156276524067
     656.3108739159439438       0.8944545015692711
     656.3110740493663116       0.9508446417748928
     656.3112741827885657       1.0032686204649508
     656.3114743162108198       0.9969071005471051
     656.3116744496330739       1.0979189053177834
     656.3118745830554417       1.0056294966489077
     656.3120747164776958       1.0273398663848639
     656.3122748498999499       1.0908018201589584
     656.3124749833222040       0.9148054793477058
     656.3126751167445718       1.0932489335536957
     656.3128752501668259       0.9236559644341469
     656.3130753835890800       0.9481744356453419
     656.3132755170113342       1.0627197548747063
     656.3134756504337020       1.0808792710304260
     656.3136757838559561       1.0391053408384323
     656.3138759172782102       1.0002605988120195
     656.3140760507004643       1.0881868600845337
     656.3142761841228321       1.0663675144314766
     656.3144763175450862       1.0427680276334286
     656.3146764509673403       1.0526923015713692
     656.3148765843895944       0.9695789571851492
     656.3150767178118485       1.0030754348263144
     656.3152768512342163       0.9341252148151398
     656.3154769846564704       1.0310729630291462
     656.3156771180787246       0.9879985656589270
     656.3158772515009787       0.9834363702684641
     656.3160773849233465       1.0498391166329384
     656.3162775183456006       0.9680503755807877
     656.3164776517678547       1.0235203336924314
     656.3166777851901088       0.9582062065601349
     656.3168779186124766       0.9904701430350542
     656.3170780520347307       1.0624038539826870
     656.3172781854569848       1.0714121758937836
     656.3174783188792389       1.0274558309465647
     656.3176784523016067       0.9581144340336323
     656.3178785857238609       0.9479741677641869
     656.3180787191461150       0.9669569693505764
     656.3182788525683691       1.0354725979268551
     656.3184789859907369       0.9926428534090519
     656.3186791194129910       1.0017164441524073
     656.3188792528352451       0.9898858657106757
     656.3190793862574992       1.0713948383927345
     656.3192795196798670       0.9046859666705132
     656.3194796531021211       1.1379269808530807
     656.3196797865243752       0.9200447201728821
     656.3198799199466293       0.9928520121611655
     656.3200800533688835       1.0330692641437054
     656.3202801867912513       1.0491169318556786
     656.3204803202135054       1.0835825279355049
     656.3206804536357595       1.1319582760334015
     656.3208805870580136       1.0648198649287224
     656.3210807204803814       1.0394975580275059
     656.3212808539026355       1.0808003619313240
     656.3214809873248896       1.0460253134369850
     656.3216811207471437       0.9815149866044521
     656.3218812541695115       1.0660985261201859
     656.3220813875917656       0.9974980552215129
     656.3222815210140197       0.9297179579734802
     656.3224816544362739       0.9658231846988201
     656.3226817878586417       1.0030223380308598
     656.3228819212808958       0.9354523196816444
     656.3230820547031499       1.1194244772195816
     656.3232821881254040       1.0209868513047695
     656.3234823215477718       1.0169134493917227
     656.3236824549700259       0.9404409155249596
     656.3238825883922800       1.0029952342156321
     656.3240827218145341       1.0576339177787304
     656.3242828552369019       1.0500027053058147
     656.3244829886591560       0.9648843333125114
     656.3246831220814101       0.9777101986110210
     656.3248832555036643       1.0185360666364431
     656.3250833889260321       1.0129073383286595
     656.3252835223482862       0.9513929300010204
     656.3254836557705403       1.0546768903732300
     656.3256837891927944       0.9358275085687637
     656.3258839226150485       1.0598500743508339
     656.3260840560374163       1.0077077220194042
     656.3262841894596704       0.9594321139156817
     656.3264843228819245       0.9268496707081794
     656.3266844563041786       0.8852188661694524
     656.3268845897265464       1.0709132552146907
     656.3270847231488005       1.0835153684020038
     656.3272848565710547       1.0613053105771533
     656.3274849899933088       1.0743646621704088
     656.3276851234156766       1.0014334036968631
     656.3278852568379307       1.0005640758899945
     656.3280853902601848       0.9703905284404712
     656.3282855236824389       0.9455274157226023
     656.3284856571048067       0.9843066483735946
     656.3286857905270608       0.9736586604267223
     656.3288859239493149       0.9956729807890752
     656.3290860573715690       0.9978639176115099
     656.3292861907939368       1.0530536584555672
     656.3294863242161910       0.9955439395270609
     656.3296864576384451       0.9626364596187145
     656.3298865910606992       1.0467849336563195
     656.3300867244830670       1.0355879105625583
     656.3302868579053211       0.9745811242607385
     656.3304869913275752       0.9794030301268777
     656.3306871247498293       0.9911481691518487
     656.3308872581721971       1.0121144959694603
     656.3310873915944512       1.0028650627924998
     656.3312875250167053       0.9556304253620376
     656.3314876584389594       1.0468161478613791
     656.3316877918612136       0.9720826018566264
     656.3318879252835814       1.0515858046660227
     656.3320880587058355       0.9442154802310784
     656.3322881921280896       1.0217806398767935
     656.3324883255503437       1.0489653386033786
     656.3326884589727115       1.0438363961675994
     656.3328885923949656       1.0026356619503010
     656.3330887258172197       1.0125175490584013
     656.3332888592394738       1.0030744694558482
     656.3334889926618416       0.9554545468821767
     656.3336891260840957       1.1159135251181556
     656.3338892595063498       1.0264947263924222
     656.3340893929286040       0.9704751128172997
     656.3342895263509718       0.8773115349011531
     656.3344896597732259       1.0709565501557230
     656.3346897931954800       1.0167744173075302
     656.3348899266177341       0.9990885490937667
     656.3350900600401019       0.9815354132539893
     656.3352901934623560       1.0585807362274033
     656.3354903268846101       0.9714911971762219
     656.3356904603068642       0.9713397616215393
     656.3358905937292320       0.9910124861108768
     656.3360907271514861       0.9858472535457306
     656.3362908605737402       0.9110040530174771
     656.3364909939959944       0.8849872717291902
     656.3366911274182485       1.1073982980559816
     656.3368912608406163       1.0159302657379854
     656.3370913942628704       0.9581262427324162
     656.3372915276851245       0.9473418935945740
     656.3374916611073786       0.9854475967195577
     656.3376917945297464       1.0215251523969358
     656.3378919279520005       0.9811155658993449
     656.3380920613742546       1.0506593599720808
     656.3382921947965087       1.0343637913043007
     656.3384923282188765       0.9726607824840704
     656.3386924616411306       1.1162419987081957
     656.3388925950633848       0.9963216443853956
     656.3390927284856389       1.0377701118790363
     656.3392928619080067       1.0122725368953456
     656.3394929953302608       0.9532414486436904
     656.3396931287525149       0.9827744400964343
     656.3398932621747690       0.9999768790410206
     656.3400933955971368       0.9673333395510165
     656.3402935290193909       1.0116881831478817
     656.3404936624416450       0.9943002692242444
     656.3406937958638991       1.0474319263165204
     656.3408939292862669       0.9922920093265012
     656.3410940627085211       0.9819909685024075
     656.3412941961307752       0.9935418933804411
     656.3414943295530293       0.9936742034094063
     656.3416944629753971       0.9800479281212736
     656.3418945963976512       0.9766163592028195
     656.3420947298199053       0.8889675364264790
     656.3422948632421594       0.9811092148800177
     656.3424949966644135       1.0457670049414651
     656.3426951300867813       0.9939253893163553
     656.3428952635090354       0.9591655358230847
     656.3430953969312895       0.9195665062110536
     656.3432955303535437       0.9471834171496409
     656.3434956637759115       0.9607838134572164
     656.3436957971981656       1.0370582767352619
     656.3438959306204197       0.9672735302491842
     656.3440960640426738       1.0450519444826925
     656.3442961974650416       0.9731506123340158
     656.3444963308872957       0.9648828888450830
     656.3446964643095498       1.0450649024333418
     656.3448965977318039       0.9504887087440185
     656.3450967311541717       0.9372471373214304
     656.3452968645764258       1.0426687762221394
     656.3454969979986799       1.0109623156102736
     656.3456971314209341       1.0674077658211101
     656.3458972648433019       0.9984822031182456
     656.3460973982655560       1.0425822561374778
     656.3462975316878101       0.9934340092577756
     656.3464976651100642       0.9716116460086246
     656.3466977985324320       1.0965358183805347
     656.3468979319546861       0.9915005059790131
     656.3470980653769402       0.9676991463700071
     656.3472981987991943       0.9958370912706498
     656.3474983322214484       1.0340300969657434
     656.3476984656438162       0.9267292596283794
     656.3478985990660703       0.9525184228138924
     656.3480987324883245       0.9243523481097010
     656.3482988659105786       0.9515166067178294
     656.3484989993329464       0.9245596089769740
     656.3486991327552005       1.0521889062763781
     656.3488992661774546       0.9553900059183354
     656.3490993995997087       0.9599710398552175
     656.3492995330220765       1.0376499000999684
     656.3494996664443306       0.9837058156731692
     656.3496997998665847       0.9625987612215587
     656.3498999332888388       1.0100894690116049
     656.3501000667112066       1.0130153585249688
     656.3503002001334607       0.9857026165663497
     656.3505003335557149       1.0093872748501029
     656.3507004669779690       0.9521855727065576
     656.3509006004003368       1.0865350061605157
     656.3511007338225909       0.9062865570698345
     656.3513008672448450       1.0380718794260320
     656.3515010006670991       1.0167541077475468
     656.3517011340894669       0.9523524227496798
     656.3519012675117210       0.9715409387076400
     656.3521014009339751       0.9699231054388524
     656.3523015343562292       0.9137667418330834
     656.3525016677785970       0.9844189994928711
     656.3527018012008512       0.9083515882774132
     656.3529019346231053       0.9318817729639279
     656.3531020680453594       0.9510413971752847
     656.3533022014676135       0.9702034845885795
     656.3535023348899813       0.9006727125273022
     656.3537024683122354       0.9450557308044857
     656.3539026017344895       0.9297287275243347
     656.3541027351567436       0.9238204006632953
     656.3543028685791114       0.8822394276458085
     656.3545030020013655       0.8130974532370816
     656.3547031354236196       0.8783104568799106
     656.3549032688458738       0.9598414133281911
     656.3551034022682416       0.9147271746311749
     656.3553035356904957       0.8909872110717474
     656.3555036691127498       0.9678447419685461
     656.3557038025350039       0.8475860831675681
     656.3559039359573717       0.9257157210376666
     656.3561040693796258       0.8099020480256849
     656.3563042028018799       0.8844581394599025
     656.3565043362241340       0.8616171927911810
     656.3567044696465018       0.8413108300010906
     656.3569046030687559       0.9029104234615531
     656.3571047364910100       0.8044098647253987
     656.3573048699132642       0.8612513043593552
     656.3575050033356320       0.7778585197966925
     656.3577051367578861       0.7996296076903618
     656.3579052701801402       0.7723501691763834
     656.3581054036023943       0.8491215611998185
     656.3583055370246484       0.7484502303047202
     656.3585056704470162       0.8575074809422581
     656.3587058038692703       0.8134902144014766
     656.3589059372915244       0.7025708306433887
     656.3591060707137785       0.8303339943378225
     656.3593062041361463       0.8013314264691539
     656.3595063375584004       0.8212322364819327
     656.3597064709806546       0.8148581129003598
     656.3599066044029087       0.8106606198600192
     656.3601067378252765       0.8027829603307106
     656.3603068712475306       0.7654780767520006
     656.3605070046697847       0.8004836085385800
     656.3607071380920388       0.7602503388312918
     656.3609072715144066       0.7115394058530072
     656.3611074049366607       0.8551232470180207
     656.3613075383589148       0.8266051079106598
     656.3615076717811689       0.8485065356947099
     656.3617078052035367       0.8378641643145832
     656.3619079386257908       0.7524571044012739
     656.3621080720480450       0.7661236975450887
     656.3623082054702991       0.7801454102720480
     656.3625083388926669       0.8399870725906983
     656.3627084723149210       0.8077869952229357
     656.3629086057371751       0.8818361868068187
     656.3631087391594292       0.8243887802146118
     656.3633088725817970       0.8263759348187895
     656.3635090060040511       0.8364312520440698
     656.3637091394263052       0.8169514828292028
     656.3639092728485593       0.8472507195178236
     656.3641094062708135       0.8104156969797294
     656.3643095396931813       0.9281677267380645
     656.3645096731154354       0.8076754357078603
     656.3647098065376895       0.9185342899256871
     656.3649099399599436       0.9342437914899101
     656.3651100733823114       0.8185788274410573
     656.3653102068045655       0.8940631322477673
     656.3655103402268196       0.9512363488371112
     656.3657104736490737       0.8654070710881389
     656.3659106070714415       0.8497673795400769
     656.3661107404936956       0.9252864263960557
     656.3663108739159497       0.9529924704731123
     656.3665110073382039       0.9929887717980880
     656.3667111407605717       0.9680615350158879
     656.3669112741828258       0.9771398173323490
     656.3671114076050799       0.9716569662087809
     656.3673115410273340       1.0924364021700290
     656.3675116744497018       1.0091944029047464
     656.3677118078719559       1.0138256087418895
     656.3679119412942100       0.9991896911385089
     656.3681120747164641       0.9651605695299994
     656.3683122081388319       1.0460246351650255
     656.3685123415610860       0.9648656997034802
     656.3687124749833401       1.0140018147334389
     656.3689126084055943       0.9562946676234311
     656.3691127418278484       0.9827986335495180
     656.3693128752502162       1.0264365294064950
     656.3695130086724703       0.9411263051130387
     656.3697131420947244       0.9580004401123159
     656.3699132755169785       0.9748533082065951
     656.3701134089393463       0.9928162113371525
     656.3703135423616004       1.0231187727712938
     656.3705136757838545       0.9233857407544758
     656.3707138092061086       1.0191325292830262
     656.3709139426284764       1.0642026401864548
     656.3711140760507305       1.0096015143298604
     656.3713142094729847       1.0677143500807307
     656.3715143428952388       1.0519904014554222
     656.3717144763176066       1.0179794721770112
     656.3719146097398607       1.0429431875202362
     656.3721147431621148       0.9372771228100527
     656.3723148765843689       1.0122930929032781
     656.3725150100067367       0.9652347583772781
     656.3727151434289908       1.0164739250347177
     656.3729152768512449       1.0123991921713378
     656.3731154102734990       1.0704899375709065
     656.3733155436958668       0.9805244948571061
     656.3735156771181209       1.0044565133335057
     656.3737158105403751       1.0023309005889895
     656.3739159439626292       0.9816985522850905
     656.3741160773849970       0.9254335624125094
     656.3743162108072511       0.8418729070460249
     656.3745163442295052       0.9868958920712799
     656.3747164776517593       0.9025513815841794
     656.3749166110740134       1.0362781485158770
     656.3751167444963812       1.0054826554733807
     656.3753168779186353       1.0072928147947684
     656.3755170113408894       1.0053890734973887
     656.3757171447631436       1.0621463171299299
     656.3759172781855113       0.9809916996752438
     656.3761174116077655       0.8970241608170438
     656.3763175450300196       0.9857831300428911
     656.3765176784522737       1.0732586645008471
     656.3767178118746415       0.9663877025329072
     656.3769179452968956       0.9919122363268467
     656.3771180787191497       0.9981327501484180
     656.3773182121414038       0.9610268783857382
     656.3775183455637716       0.9486833038871300
     656.3777184789860257       1.0420703653707211
     656.3779186124082798       0.9776116527802881
     656.3781187458305340       0.9497198439151717
     656.3783188792529018       0.9895837858824323
     656.3785190126751559       1.0580621564271544
     656.3787191460974100       0.9780565219940917
     656.3789192795196641       1.0145321535246292
     656.3791194129420319       1.0000370981425042
     656.3793195463642860       0.9525706925713553
     656.3795196797865401       1.0066987422758837
     656.3797198132087942       1.0420765211319387
     656.3799199466311620       1.0053807280973621
     656.3801200800534161       0.9762258448434249
     656.3803202134756702       0.9852470793130550
     656.3805203468979244       0.9830901225295025
     656.3807204803201785       0.9981083549272045
     656.3809206137425463       0.9182052030434751
     656.3811207471648004       1.0837275234301988
     656.3813208805870545       0.9520266982424274
     656.3815210140093086       0.8881461015364757
     656.3817211474316764       1.0720738882775045
     656.3819212808539305       0.9809567765787105
     656.3821214142761846       1.0387611733911548
     656.3823215476984387       1.0183162358945532
     656.3825216811208065       0.9137570874667116
     656.3827218145430606       1.0191782650517456
     656.3829219479653148       0.9865849730293105
     656.3831220813875689       0.9709016556159576
     656.3833222148099367       1.0029399530061860
     656.3835223482321908       0.9854546317746693
     656.3837224816544449       1.0432279930744137
     656.3839226150766990       0.9300917956366611
     656.3841227484990668       1.0232270489283657
     656.3843228819213209       0.9594091050692026
     656.3845230153435750       0.9850608593341407
     656.3847231487658291       1.0026099580883825
     656.3849232821881969       0.9828591583150442
     656.3851234156104510       1.0134364241275007
     656.3853235490327052       1.0094085742467533
     656.3855236824549593       0.9976186389220223
     656.3857238158772134       0.9487276895232547
     656.3859239492995812       1.0035567629390760
     656.3861240827218353       1.0107433068663347
     656.3863242161440894       0.9974085375998413
     656.3865243495663435       0.9884521141218393
     656.3867244829887113       0.9944272339036531
     656.3869246164109654       1.0802193283815338
     656.3871247498332195       1.0488612316392683
     656.3873248832554737       0.9887689212226289
     656.3875250166778414       0.9813132230113928
     656.3877251501000956       0.9947228031177506
     656.3879252835223497       0.9764496404638561
     656.3881254169446038       1.0487305596443375
     656.3883255503669716       0.9807618260364355
     656.3885256837892257       1.0200955197201618
     656.3887258172114798       0.9941515107629743
     656.3889259506337339       1.0005995082313179
     656.3891260840561017       1.0273381173606151
     656.3893262174783558       0.9899663953107435
     656.3895263509006099       1.0238817613569713
     656.3897264843228641       0.9817924126981195
     656.3899266177452319       1.0511980131267475
     656.3901267511674860       1.0484286956488382
     656.3903268845897401       1.0031678185332087
     656.3905270180119942       0.9492735005914836
     656.3907271514343620       0.9998369150270950
     656.3909272848566161       0.9297333136200753
     656.3911274182788702       1.0266706198453801
     656.3913275517011243       0.9795317724347046
     656.3915276851233784       0.9850023044273211
     656.3917278185457462       1.1131803989410369
     656.3919279519680003       1.0412431880831696
     656.3921280853902545       0.9797867760062203
     656.3923282188125086       0.9652341082692137
     656.3925283522348764       0.9840292800217860
     656.3927284856571305       1.0232540313154455
     656.3929286190793846       0.9581408686935899
     656.3931287525016387       1.0726063996553419
     656.3933288859240065       0.9972132970578967
     656.3935290193462606       1.0282312519848347
     656.3937291527685147       1.0127574801445007
     656.3939292861907688       0.9838019702583551
     656.3941294196131366       0.9324981942772865
     656.3943295530353907       0.8972125053405762
     656.3945296864576449       0.9630918279290199
     656.3947298198798990       0.9336671307682991
     656.3949299533022668       0.9709392543882132
     656.3951300867245209       0.9452646188437939
     656.3953302201467750       0.9987297031329945
     656.3955303535690291       0.9793960656970739
     656.3957304869913969       1.0311044398695230
     656.3959306204136510       0.9526006616652012
     656.3961307538359051       1.0009749306482263
     656.3963308872581592       1.0307670440524817
     656.3965310206804133       0.9918637247756124
     656.3967311541027811       1.0275173168629408
     656.3969312875250353       0.9847519351169467
     656.3971314209472894       0.9596567414700985
     656.3973315543695435       0.9078380763530731
     656.3975316877919113       0.9934379165060818
     656.3977318212141654       1.0095486314967275
     656.3979319546364195       1.0410750210285187
     656.3981320880586736       0.9985226911958307
     656.3983322214810414       1.0250832233577967
     656.3985323549032955       1.0311124473810196
     656.3987324883255496       0.9974512734916061
     656.3989326217478038       1.0755075663328171
     656.3991327551701715       1.0304584596306086
     656.3993328885924257       0.9649740792810917
     656.3995330220146798       0.9779791962355375
     656.3997331554369339       0.9944230602122843
     656.3999332888593017       1.0084552327170968
     656.4001334222815558       0.9112784042954445
     656.4003335557038099       1.0298404376953840
     656.4005336891260640       1.0025847279466689
     656.4007338225484318       0.9721589144319296
     656.4009339559706859       1.0092152897268534
     656.4011340893929400       1.0465531162917614
     656.4013342228151942       1.1092179194092751
     656.4015343562375620       0.9888350432738662
     656.4017344896598161       0.9677782282233238
     656.4019346230820702       0.9788008779287338
     656.4021347565043243       0.9368466213345528
     656.4023348899265784       1.1011359915137291
     656.4025350233489462       1.0037675388157368
     656.4027351567712003       0.9580294713377953
     656.4029352901934544       1.0830911323428154
     656.4031354236157085       0.9897822532802820
     656.4033355570380763       1.0853937268257141
     656.4035356904603304       0.9591530188918114
     656.4037358238825846       0.8914946541190147
     656.4039359573048387       1.0673338845372200
     656.4041360907272065       0.9866989906877279
     656.4043362241494606       0.9429040849208832
     656.4045363575717147       0.8864885643124580
     656.4047364909939688       0.9916596561670303
     656.4049366244163366       1.0393577627837658
     656.4051367578385907       0.9443344473838806
     656.4053368912608448       0.9826776720583439
     656.4055370246830989       1.0369561240077019
     656.4057371581054667       1.0577891953289509
     656.4059372915277208       0.9697186350822449
     656.4061374249499750       1.0936737731099129
     656.4063375583722291       1.0376926474273205
     656.4065376917945969       1.0588108599185944
     656.4067378252168510       0.9637875221669674
     656.4069379586391051       0.9228576272726059
     656.4071380920613592       1.0316739641129971
     656.4073382254836133       1.0268324557691813
     656.4075383589059811       1.0259014554321766
     656.4077384923282352       0.9232519418001175
     656.4079386257504893       0.9859657408669591
     656.4081387591727434       0.9004190862178802
     656.4083388925951112       1.0470721572637558
     656.4085390260173654       1.0056599881500006
     656.4087391594396195       0.9571907892823219
     656.4089392928618736       0.9237383678555489
     656.4091394262842414       1.0377455763518810
     656.4093395597064955       1.0137253180146217
     656.4095396931287496       1.0202535558491945
     656.4097398265510037       0.9174895808100700
     656.4099399599733715       0.9563365615904331
     656.4101400933956256       1.0483585223555565
     656.4103402268178797       1.0037455451674759
     656.4105403602401339       1.0113928318023682
     656.4107404936625016       0.9972931910306215
     656.4109406270847558       1.0010048653930426
     656.4111407605070099       1.0553322918713093
     656.4113408939292640       0.9551988430321217
     656.4115410273516318       0.9820786379277706
     656.4117411607738859       0.8942191079258919
     656.4119412941961400       0.8976600021123886
     656.4121414276183941       1.0942410528659821
     656.4123415610407619       0.9837542697787285
     656.4125416944630160       0.9248493164777756
     656.4127418278852701       1.0349876694381237
     656.4129419613075243       1.0923437252640724
     656.4131420947297784       1.0208472292870283
     656.4133422281521462       0.9698694739490747
     656.4135423615744003       1.0422690100967884
     656.4137424949966544       0.8940816000103951
     656.4139426284189085       1.0298338867723942
     656.4141427618412763       1.0322178639471531
     656.4143428952635304       1.0036016483791173
     656.4145430286857845       1.0070941234007478
     656.4147431621080386       1.0100329173728824
     656.4149432955304064       1.0609486475586891
     656.4151434289526605       1.0131534179672599
     656.4153435623749147       0.9668145552277565
     656.4155436957971688       1.0294808242470026
     656.4157438292195366       0.9828289207071066
     656.4159439626417907       0.9764382932335138
     656.4161440960640448       1.0111974775791168
     656.4163442294862989       1.1025971770286560
     656.4165443629086667       0.9876917451620102
     656.4167444963309208       1.0303051620721817
     656.4169446297531749       1.0617161095142365
     656.4171447631754290       1.0064738164655864
     656.4173448965977968       1.0519628040492535
     656.4175450300200509       1.0489359237253666
     656.4177451634423051       1.0818582922220230
     656.4179452968645592       1.0306402090936899
     656.4181454302869270       0.9390115439891815
     656.4183455637091811       1.0580878742039204
     656.4185456971314352       0.9307054206728935
     656.4187458305536893       0.8914634436368942
     656.4189459639759434       0.9842714425176382
     656.4191460973983112       1.0559450797736645
     656.4193462308205653       1.1079686209559441
     656.4195463642428194       1.0805601775646210
     656.4197464976650735       1.0964278131723404
     656.4199466310874413       0.8902877345681190
     656.4201467645096955       1.0418803319334984
     656.4203468979319496       0.9422891177237034
     656.4205470313542037       0.9860628619790077
     656.4207471647765715       1.0868429467082024
     656.4209472981988256       1.0895102396607399
     656.4211474316210797       1.0182187017053366
     656.4213475650433338       0.9917088905349374
     656.4215476984657016       1.0538439229130745
     656.4217478318879557       1.0360794849693775
     656.4219479653102098       0.9287453144788742
     656.4221480987324640       0.9802522677928209
     656.4223482321548317       0.9493266567587852
     656.4225483655770859       0.9198781624436378
     656.4227484989993400       0.9877954944968224
     656.4229486324215941       1.0023574656806886
     656.4231487658439619       1.0447308793663979
     656.4233488992662160       1.0520978234708309
     656.4235490326884701       0.9791095741093159
     656.4237491661107242       0.9968105407897383
     656.4239492995329783       0.9849173258990049
     656.4241494329553461       1.0072201513685286
     656.4243495663776002       0.9474702775478363
     656.4245496997998544       0.9628301598131657
     656.4247498332221085       1.0316054709255695
     656.4249499666444763       0.9985629186267033
     656.4251501000667304       1.0005950957420282
     656.4253502334889845       0.9271769896149635
     656.4255503669112386       0.9722811337560415
     656.4257505003336064       0.9577250033617020
     656.4259506337558605       0.9248026981949806
     656.4261507671781146       0.9575332999229431
     656.4263509006003687       0.9979452649131417
     656.4265510340227365       0.9315172955393791
     656.4267511674449906       1.0414447821676731
     656.4269513008672448       1.0020138311665505
     656.4271514342894989       1.0702183917164803
     656.4273515677118667       0.9893980659544468
     656.4275517011341208       0.9926005802117288
     656.4277518345563749       0.9849000032991171
     656.4279519679786290       0.9823015257716179
     656.4281521014009968       1.0095685776323080
     656.4283522348232509       0.9977866988629103
     656.4285523682455050       0.9666162021458149
     656.4287525016677591       1.0141205657273531
     656.4289526350901269       1.0132061233744025
     656.4291527685123810       0.9425894804298878
     656.4293529019346352       1.0195715520530939
     656.4295530353568893       0.9916727477684617
     656.4297531687791434       1.0265972521156073
     656.4299533022015112       0.9397304058074951
     656.4301534356237653       0.9569785781204700
     656.4303535690460194       0.9564859084784985
     656.4305537024682735       0.9794277939945459
     656.4307538358906413       1.0997880846261978
     656.4309539693128954       1.0951054245233536
     656.4311541027351495       0.9626221358776093
     656.4313542361574036       0.9145339652895927
     656.4315543695797714       0.9989551549078897
     656.4317545030020256       1.0584678165614605
     656.4319546364242797       1.0159254502505064
     656.4321547698465338       1.1072095781564713
     656.4323549032689016       0.9667903594672680
     656.4325550366911557       1.0026560891419649
     656.4327551701134098       1.0055903708562255
     656.4329553035356639       0.9341542869806290
     656.4331554369580317       1.0086283795535564
     656.4333555703802858       0.9828670192509890
     656.4335557038025399       1.0067116813734174
     656.4337558372247940       1.0389721095561981
     656.4339559706471618       0.9975135654676706
     656.4341561040694160       0.9907900700345635
     656.4343562374916701       0.9895940683782101
     656.4345563709139242       1.0466510131955147
     656.4347565043361783       0.9928238750435412
     656.4349566377585461       0.9422233924269676
     656.4351567711808002       1.1027985587716103
     656.4353569046030543       0.9836611896753311
     656.4355570380253084       1.0513444021344185
     656.4357571714476762       1.0847444087266922
     656.4359573048699303       0.9879750823602080
     656.4361574382921845       0.9759758282452822
     656.4363575717144386       1.0950671732425690
     656.4365577051368064       0.9701737705618143
     656.4367578385590605       1.0100904358550906
     656.4369579719813146       0.9495007395744324
     656.4371581054035687       1.0304880477488041
     656.4373582388259365       0.9557188376784325
     656.4375583722481906       0.9482015594840050
     656.4377585056704447       0.9634553156793118
     656.4379586390926988       0.9723398946225643
     656.4381587725150666       1.0064619430340827
     656.4383589059373207       1.0271568130701780
     656.4385590393595749       1.0063272900879383
     656.4387591727818290       0.9339038804173470
     656.4389593062041968       0.9585191793739796
     656.4391594396264509       1.0570993795990944
     656.4393595730487050       0.9591135047376156
     656.4395597064709591       0.9805554188787937
     656.4397598398933269       1.0043783499859273
     656.4399599733155810       0.9684169068932533
     656.4401601067378351       0.9991405766340904
     656.4403602401600892       1.0075932531617582
     656.4405603735823433       1.0702108368277550
     656.4407605070047111       1.0828138962388039
     656.4409606404269653       0.9736103676259518
     656.4411607738492194       1.0524616837501526
     656.4413609072714735       0.9821308385580778
     656.4415610406938413       1.0494238585233688
     656.4417611741160954       1.0397151485085487
     656.4419613075383495       0.9908636184409261
     656.4421614409606036       0.9520711749792099
     656.4423615743829714       0.9881395800039172
     656.4425617078052255       0.9617992341518402
     656.4427618412274796       0.9206383079290390
     656.4429619746497337       0.9970002009067684
     656.4431621080721015       0.9510936252772808
     656.4433622414943557       1.0306898634880781
     656.4435623749166098       1.0222364794462919
     656.4437625083388639       0.9588537141680717
     656.4439626417612317       0.9878572877496481
     656.4441627751834858       0.9818139988929033
     656.4443629086057399       0.9416584707796574
     656.4445630420279940       1.0447094663977623
     656.4447631754503618       0.9509874172508717
     656.4449633088726159       0.9219727665185928
     656.4451634422948700       0.9325212836265564
     656.4453635757171241       1.0581006109714508
     656.4455637091393783       0.9758100304752588
     656.4457638425617461       1.0745958462357521
     656.4459639759840002       1.0718994662165642
     656.4461641094062543       0.9866990195587277
     656.4463642428285084       1.0000288030805677
     656.4465643762508762       0.9808737430721521
     656.4467645096731303       1.0660965070128441
     656.4469646430953844       1.0076736072078347
     656.4471647765176385       0.9903366034850478
     656.4473649099400063       0.9988024351187050
     656.4475650433622604       0.9861374879255891
     656.4477651767845146       1.0210886746644974
     656.4479653102067687       0.9899756396189332
     656.4481654436291365       0.9754217267036438
     656.4483655770513906       0.9172549247741699
     656.4485657104736447       1.0546155162155628
     656.4487658438958988       0.9873973252251744
     656.4489659773182666       0.9305347651243210
     656.4491661107405207       1.0163931902498007
     656.4493662441627748       0.9976901079062372
     656.4495663775850289       0.9831753037869930
     656.4497665110073967       0.9711266402155161
     656.4499666444296508       0.9767094589769840
     656.4501667778519050       1.0369386598467827
     656.4503669112741591       0.9592781551182270
     656.4505670446965269       1.0762107744812965
     656.4507671781187810       0.9891358660534024
     656.4509673115410351       1.0570054836571217
     656.4511674449632892       1.0128071280196309
     656.4513675783855433       0.9983568418538198
     656.4515677118079111       0.9967901732306927
     656.4517678452301652       1.0215233564376831
     656.4519679786524193       0.9288477674126625
     656.4521681120746734       0.9645287841558456
     656.4523682454970412       0.8911320045590401
     656.4525683789192954       0.8526477366685867
     656.4527685123415495       0.9733367171138525
     656.4529686457638036       0.9777945373207331
     656.4531687791861714       1.0092111146077514
     656.4533689126084255       1.0266389679163694
     656.4535690460306796       1.0070938766002655
     656.4537691794529337       1.0278215445578098
     656.4539693128753015       1.0457676611840725
     656.4541694462975556       1.0007019951008260
     656.4543695797198097       1.0571901276707649
     656.4545697131420638       1.0782117024064064
     656.4547698465644316       1.0287673119455576
     656.4549699799866858       0.8732286840677261
     656.4551701134089399       1.0983129069209099
     656.4553702468311940       1.0516246445477009
     656.4555703802535618       0.9724106043577194
     656.4557705136758159       0.9279609099030495
     656.4559706470980700       0.9436346776783466
     656.4561707805203241       1.0929025858640671
     656.4563709139425782       1.0730719119310379
     656.4565710473649460       0.9986399336485192
     656.4567711807872001       0.9906141739338636
     656.4569713142094542       1.0954722687602043
     656.4571714476317084       0.9565698876976967
     656.4573715810540762       0.9589568562805653
     656.4575717144763303       1.0692458376288414
     656.4577718478985844       0.9770177043974400
     656.4579719813208385       0.9514433182775974
     656.4581721147432063       0.9636096619069576
     656.4583722481654604       1.0135056292638183
     656.4585723815877145       1.0562727041542530
     656.4587725150099686       1.0480336807668209
     656.4589726484323364       0.9350903928279877
     656.4591727818545905       0.9367146342992783
     656.4593729152768447       0.9693980384618044
     656.4595730486990988       0.9319063872098923
     656.4597731821214666       0.9536022581160069
     656.4599733155437207       0.9800328053534031
     656.4601734489659748       0.9945696340873837
     656.4603735823882289       0.9882108196616173
     656.4605737158105967       0.9256308749318123
     656.4607738492328508       1.0622912161052227
     656.4609739826551049       0.9799751266837120
     656.4611741160773590       1.0312679447233677
     656.4613742494997268       1.0041738026775420
     656.4615743829219809       0.8911389186978340
     656.4617745163442351       1.0396838299930096
     656.4619746497664892       1.0120219457894564
     656.4621747831887433       1.0120222456753254
     656.4623749166111111       0.9145771935582161
     656.4625750500333652       1.0803818628191948
     656.4627751834556193       1.0405783466994762
     656.4629753168778734       1.0467219389975071
     656.4631754503002412       1.0131270289421082
     656.4633755837224953       0.9538625478744507
     656.4635757171447494       0.9983401751378551
     656.4637758505670035       1.0278779063373804
     656.4639759839893713       1.0711449310183525
     656.4641761174116255       0.9881841698661447
     656.4643762508338796       1.0357877723872662
     656.4645763842561337       1.0684109851717949
     656.4647765176785015       0.9185910746455193
     656.4649766511007556       1.0789137557148933
     656.4651767845230097       1.0094719538465142
     656.4653769179452638       1.0737918093800545
     656.4655770513676316       1.0232916083186865
     656.4657771847898857       1.0754831433296204
     656.4659773182121398       1.0106930006295443
     656.4661774516343939       0.9377233088016510
     656.4663775850567617       0.9954902012832463
     656.4665777184790159       1.0415053367614746
     656.4667778519012700       0.9477745182812214
     656.4669779853235241       0.9634159207344055
     656.4671781187458919       1.0735428184270859
     656.4673782521681460       1.0111915441229939
     656.4675783855904001       1.0900419354438782
     656.4677785190126542       1.0483369678258896
     656.4679786524349083       0.9777147080749273
     656.4681787858572761       0.9439089484512806
     656.4683789192795302       1.0070415199734271
     656.4685790527017843       0.9919397840276361
     656.4687791861240385       0.9666001908481121
     656.4689793195464063       0.9805169180035591
     656.4691794529686604       1.1311431378126144
     656.4693795863909145       1.0645965039730072
     656.4695797198131686       0.9469625353813171
     656.4697798532355364       1.0264756120741367
     656.4699799866577905       0.9554423801600933
     656.4701801200800446       0.9988747294992208
     656.4703802535022987       0.9940757062286139
     656.4705803869246665       0.9648880213499069
     656.4707805203469206       0.8658604621887207
     656.4709806537691748       1.0708516538143158
     656.4711807871914289       1.0220676343888044
     656.4713809206137967       1.0902049317955971
     656.4715810540360508       0.9989230068167672
     656.4717811874583049       1.0629058405756950
     656.4719813208805590       1.0744526609778404
     656.4721814543029268       0.9490325190126896
     656.4723815877251809       1.0384846329689026
     656.4725817211474350       1.0896387547254562
     656.4727818545696891       0.9946489431895316
     656.4729819879919432       0.9799964968115091
     656.4731821214143110       1.0239179413765669
     656.4733822548365652       1.0273155961185694
     656.4735823882588193       1.0529161281883717
     656.4737825216810734       1.0162644125521183
     656.4739826551034412       1.0096630770713091
     656.4741827885256953       1.0356319695711136
     656.4743829219479494       0.9636447615921497
     656.4745830553702035       0.9781137201935053
     656.4747831887925713       0.9669166728854179
     656.4749833222148254       0.8516988605260849
     656.4751834556370795       0.9263009801506996
     656.4753835890593336       1.0042767729610205
     656.4755837224817014       1.0623899884521961
     656.4757838559039556       0.9194793477654457
     656.4759839893262097       1.0127687128260732
     656.4761841227484638       0.9856316149234772
     656.4763842561708316       1.0193693749606609
     656.4765843895930857       0.9809158425778151
     656.4767845230153398       1.0364933758974075
     656.4769846564375939       1.0235312618315220
     656.4771847898599617       1.0182994063943624
     656.4773849232822158       0.9592532962560654
     656.4775850567044699       0.9364496320486069
     656.4777851901267240       1.0581249184906483
     656.4779853235490918       0.9637700654566288
     656.4781854569713460       1.1604856103658676
     656.4783855903936001       0.9527864903211594
     656.4785857238158542       1.0093896053731441
     656.4787858572381083       0.9965761455241591
     656.4789859906604761       0.9193348661065102
     656.4791861240827302       0.9130572751164436
     656.4793862575049843       0.9386095106601715
     656.4795863909272384       0.9667042456567287
     656.4797865243496062       1.0122901825234294
     656.4799866577718603       0.9756853897124529
     656.4801867911941144       1.0580126717686653
     656.4803869246163686       0.9671176113188267
     656.4805870580387364       1.0529598370194435
     656.4807871914609905       0.9485622681677341
     656.4809873248832446       1.0097700981423259
     656.4811874583054987       0.9761360101401806
     656.4813875917278665       0.9799396097660065
     656.4815877251501206       1.0262562185525894
     656.4817878585723747       1.0211313422769308
     656.4819879919946288       0.9487551264464855
     656.4821881254169966       1.0289351548999548
     656.4823882588392507       1.0160605385899544
     656.4825883922615049       0.9692550655454397
     656.4827885256837590       0.9581028185784817
     656.4829886591061268       1.0025226944126189
     656.4831887925283809       1.1101023480296135
     656.4833889259506350       1.0520968511700630
     656.4835890593728891       1.0166757833212614
     656.4837891927951432       0.9574956297874451
     656.4839893262175110       0.9850332420319319
     656.4841894596397651       1.0457910969853401
     656.4843895930620192       0.9186629801988602
     656.4845897264842733       0.9520296081900597
     656.4847898599066411       0.9912531571462750
     656.4849899933288953       1.0464738532900810
     656.4851901267511494       0.9850145960226655
     656.4853902601734035       0.9532208479940891
     656.4855903935957713       1.0005461915279739
     656.4857905270180254       1.0696295797824860
     656.4859906604402795       0.9613449834287167
     656.4861907938625336       1.0428031198680401
     656.4863909272849014       0.9698467049747705
     656.4865910607071555       1.0333176217973232
     656.4867911941294096       0.9954544198699296
     656.4869913275516637       0.9971623879391700
     656.4871914609740315       1.0809507668018341
     656.4873915943962857       1.0029629399068654
     656.4875917278185398       0.9940034244209528
     656.4877918612407939       0.9580037780106068
     656.4879919946631617       1.0169517751783133
     656.4881921280854158       1.0357418060302734
     656.4883922615076699       0.9761391412466764
     656.4885923949299240       1.0467797443270683
     656.4887925283522918       0.9611116684973240
     656.4889926617745459       0.9988718252861872
     656.4891927951968000       0.9898371789604425
     656.4893929286190541       1.0363377779722214
     656.4895930620413083       1.0092668635770679
     656.4897931954636761       0.9928424409590662
     656.4899933288859302       1.0028586271218956
     656.4901934623081843       0.9123848453164101
     656.4903935957304384       1.0824166610836983
     656.4905937291528062       1.0103456303477287
     656.4907938625750603       1.0873629972338676
     656.4909939959973144       1.0066838650964200
     656.4911941294195685       1.0386210493743420
     656.4913942628419363       0.9972780917305499
     656.4915943962641904       0.9493212811648846
     656.4917945296864445       0.9362576082348824
     656.4919946631086987       0.9331857934594154
     656.4921947965310665       1.0590934567153454
     656.4923949299533206       1.0652586892247200
     656.4925950633755747       1.0209891330450773
     656.4927951967978288       1.0260902941226959
     656.4929953302201966       0.9455963373184204
     656.4931954636424507       1.0287760999053717
     656.4933955970647048       0.9675329998135567
     656.4935957304869589       0.9461641907691956
     656.4937958639093267       0.9457868151366711
     656.4939959973315808       1.0693763419985771
     656.4941961307538350       1.0101024666801095
     656.4943962641760891       0.9907320961356163
     656.4945963975983432       1.0175125394016504
     656.4947965310207110       0.8979347944259644
     656.4949966644429651       1.0949229300022125
     656.4951967978652192       0.9917035279795527
     656.4953969312874733       0.9340287446975708
     656.4955970647098411       0.9115211144089699
     656.4957971981320952       1.0176468174904585
     656.4959973315543493       1.0179675724357367
     656.4961974649766034       1.0209330059587955
     656.4963975983989712       0.9674118347465992
     656.4965977318212254       1.0249107535928488
     656.4967978652434795       1.0324271358549595
     656.4969979986657336       1.1625751852989197
     656.4971981320881014       0.9639496020972729
     656.4973982655103555       1.1024192571640015
     656.4975983989326096       1.0504367239773273
     656.4977985323548637       0.9543969072401524
     656.4979986657772315       0.9824687615036964
     656.4981987991994856       0.9848292516544461
     656.4983989326217397       0.9639198109507561
     656.4985990660439938       1.0520627088844776
     656.4987991994663616       1.0229143816977739
     656.4989993328886158       1.0519069731235504
     656.4991994663108699       0.9452675692737103
     656.4993995997331240       0.9499663636088371
     656.4995997331554918       1.0321890488266945
     656.4997998665777459       0.9745170678943396
     656.5000000000000000       1.0795610770583153
