     656.2000000000000455       0.9389816448092461
     656.2002001334222996       0.9624868817627430
     656.2004002668445537       0.9780104756355286
     656.2006004002669215       1.0280711110681295
     656.2008005336891756       0.9972171648405492
     656.2010006671114297       1.0171191617846489
     656.2012008005336838       0.9594934284687042
     656.2014009339560516       0.9877267526462674
     656.2016010673783057       1.0665954872965813
     656.2018012008005599       1.1183444261550903
     656.2020013342228140       0.9924724176526070
     656.2022014676451818       0.9048601239919662
     656.2024016010674359       1.0490538477897644
     656.2026017344896900       0.9721421692520380
     656.2028018679119441       1.0620308332145214
     656.2030020013343119       1.0103513058274984
     656.2032021347565660       0.8166575431823730
     656.2034022681788201       1.0238717440515757
     656.2036024016010742       0.9625618122518063
     656.2038025350234420       1.0605653710663319
     656.2040026684456961       0.9659863412380219
     656.2042028018679503       0.9319890066981316
     656.2044029352902044       1.0382664836943150
     656.2046030687125722       1.0269320737570524
     656.2048032021348263       1.0729841887950897
     656.2050033355570804       0.9621044248342514
     656.2052034689793345       0.9708949290215969
     656.2054036024017023       1.0475122742354870
     656.2056037358239564       1.0264079626649618
     656.2058038692462105       1.0335904993116856
     656.2060040026684646       0.9877614304423332
     656.2062041360907187       0.9987392363836989
     656.2064042695130865       1.0162844639271498
     656.2066044029353407       0.9726217351853848
     656.2068045363575948       1.0507695786654949
     656.2070046697798489       1.0445005297660828
     656.2072048032022167       1.0179456546902657
     656.2074049366244708       1.0114105381071568
     656.2076050700467249       0.9291620329022408
     656.2078052034689790       0.9915029490366578
     656.2080053368913468       0.9799574520438910
     656.2082054703136009       1.1006039381027222
     656.2084056037358550       1.0356087423861027
     656.2086057371581092       1.0874653905630112
     656.2088058705804769       1.0206263344734907
     656.2090060040027311       1.0486208386719227
     656.2092061374249852       1.0603455007076263
     656.2094062708472393       0.9479183144867420
     656.2096064042696071       0.9542643763124943
     656.2098065376918612       1.0027959307190031
     656.2100066711141153       1.0229720361530781
     656.2102068045363694       0.9728841036558151
     656.2104069379587372       0.9484362192451954
     656.2106070713809913       0.9795912764966488
     656.2108072048032454       0.9565725363790989
     656.2110073382254996       1.0275364648550749
     656.2112074716477537       1.0259911697357893
     656.2114076050701215       1.0100576849654317
     656.2116077384923756       0.9495239891111851
     656.2118078719146297       0.9810999818146229
     656.2120080053368838       0.9468448758125305
     656.2122081387592516       0.9809933584183455
     656.2124082721815057       0.9862627983093262
     656.2126084056037598       1.0252262651920319
     656.2128085390260139       1.0023616182152182
     656.2130086724483817       0.9835702236741781
     656.2132088058706358       0.9611675255000591
     656.2134089392928900       1.0075373551808298
     656.2136090727151441       0.9867133526131511
     656.2138092061375119       0.9778289329260588
     656.2140093395597660       1.0347709879279137
     656.2142094729820201       0.9432433135807514
     656.2144096064042742       0.9991992102586664
     656.2146097398266420       0.9810611400753260
     656.2148098732488961       0.9766012523323298
     656.2150100066711502       0.9651595689356327
     656.2152101400934043       1.0007670550839975
     656.2154102735157721       0.9558283910155296
     656.2156104069380262       0.9225498512387276
     656.2158105403602804       1.0632404088973999
     656.2160106737825345       0.9132969453930855
     656.2162108072049023       0.9876780807971954
     656.2164109406271564       0.9942059651948512
     656.2166110740494105       0.9880911363288760
     656.2168112074716646       0.9875982515513897
     656.2170113408939187       1.0216736495494843
     656.2172114743162865       0.9923874204978347
     656.2174116077385406       1.0424351952970028
     656.2176117411607947       1.0084168706089258
     656.2178118745830488       0.9790710061788559
     656.2180120080054166       1.0562559068202972
     656.2182121414276708       1.0522828213870525
     656.2184122748499249       0.9610171951353550
     656.2186124082721790       0.9063000231981277
     656.2188125416945468       1.0976338386535645
     656.2190126751168009       0.9921597167849541
     656.2192128085390550       0.9852324156090617
     656.2194129419613091       1.0361761637032032
     656.2196130753836769       1.0239592567086220
     656.2198132088059310       0.9817035496234894
     656.2200133422281851       1.0101852724328637
     656.2202134756504392       0.8874156326055527
     656.2204136090728070       0.9872183697298169
     656.2206137424950612       1.0200005676597357
     656.2208138759173153       0.9849051218479872
     656.2210140093395694       1.0039647608064115
     656.2212141427619372       1.0760527625679970
     656.2214142761841913       1.0904763340950012
     656.2216144096064454       1.0354968234896660
     656.2218145430286995       1.0874636322259903
     656.2220146764509536       1.0081721497699618
     656.2222148098733214       0.9650973714888096
     656.2224149432955755       0.8692342787981033
     656.2226150767178297       1.0104141104966402
     656.2228152101400838       0.9239339679479599
     656.2230153435624516       1.1140860542654991
     656.2232154769847057       1.0219047535210848
     656.2234156104069598       1.0346178226172924
     656.2236157438292139       1.0046964152716100
     656.2238158772515817       0.9543581344187260
     656.2240160106738358       1.0666227266192436
     656.2242161440960899       0.9850497422739863
     656.2244162775183440       0.9544325284659863
     656.2246164109407118       0.9584938399493694
     656.2248165443629659       1.0137722808867693
     656.2250166777852201       1.0364566780626774
     656.2252168112074742       1.1007188782095909
     656.2254169446298420       1.0213796161115170
     656.2256170780520961       1.0160877816379070
     656.2258172114743502       0.9273105338215828
     656.2260173448966043       0.9113319292664528
     656.2262174783189721       0.9385180212557316
     656.2264176117412262       1.0031982806976885
     656.2266177451634803       0.9979001770261675
     656.2268178785857344       0.9755598139017820
     656.2270180120081022       1.0861210078001022
     656.2272181454303563       0.9705687072128057
     656.2274182788526105       0.9714266117662191
     656.2276184122748646       1.0243056956678629
     656.2278185456971187       0.9928857428021729
     656.2280186791194865       1.0678683966398239
     656.2282188125417406       0.9576469622552395
     656.2284189459639947       1.0540239214897156
     656.2286190793862488       0.8667319566011429
     656.2288192128086166       0.9464228488504887
     656.2290193462308707       1.0317762196063995
     656.2292194796531248       0.9772137049585581
     656.2294196130753789       0.9432681687176228
     656.2296197464977467       0.9659395329654217
     656.2298198799200009       1.0122019229456782
     656.2300200133422550       0.9899774938821793
     656.2302201467645091       1.0261560566723347
     656.2304202801868769       0.9862051093950868
     656.2306204136091310       1.0006837613764219
     656.2308205470313851       1.0495964176952839
     656.2310206804536392       0.9464403204619884
     656.2312208138760070       1.0235405731946230
     656.2314209472982611       1.0069976109080017
     656.2316210807205152       0.9865219341591001
     656.2318212141427693       1.0171142052859068
     656.2320213475651371       1.0929370075464249
     656.2322214809873913       0.9910901980474591
     656.2324216144096454       0.9819715525954962
     656.2326217478318995       0.8669511228799820
     656.2328218812541536       1.0665920302271843
     656.2330220146765214       1.0145973414182663
     656.2332221480987755       0.9156621545553207
     656.2334222815210296       0.9556674249470234
     656.2336224149432837       0.9181976765394211
     656.2338225483656515       0.9888834580779076
     656.2340226817879056       0.9544317573308945
     656.2342228152101598       0.9658912010490894
     656.2344229486324139       1.1412863880395889
     656.2346230820547817       0.9837359171360731
     656.2348232154770358       1.0484813973307610
     656.2350233488992899       1.1333218067884445
     656.2352234823215440       1.0437612794339657
     656.2354236157439118       1.0026145775336772
     656.2356237491661659       0.9981928189517930
     656.2358238825884200       0.9176392927765846
     656.2360240160106741       1.0169987305998802
     656.2362241494330419       1.0494166463613510
     656.2364242828552960       0.9984402959235013
     656.2366244162775502       1.0174458678811789
     656.2368245496998043       1.0430853180587292
     656.2370246831221721       0.9753380920737982
     656.2372248165444262       1.0176178738474846
     656.2374249499666803       1.0356263183057308
     656.2376250833889344       1.0103402147069573
     656.2378252168113022       0.9653489068150520
     656.2380253502335563       0.9837346095591784
     656.2382254836558104       1.0290763415396214
     656.2384256170780645       0.9918218608945608
     656.2386257505003186       1.0213415622711182
     656.2388258839226864       1.0077179358340800
     656.2390260173449406       0.9901852020993829
     656.2392261507671947       0.8988993614912033
     656.2394262841894488       0.9965038481168449
     656.2396264176118166       1.0064532840624452
     656.2398265510340707       1.0292093046009541
     656.2400266844563248       0.9860062683001161
     656.2402268178785789       1.1065749078989029
     656.2404269513009467       1.0068698273971677
     656.2406270847232008       1.0428064279258251
     656.2408272181454549       0.9930664598941803
     656.2410273515677090       0.9954341449774802
     656.2412274849900768       0.9472634904086590
     656.2414276184123310       1.0046652369201183
     656.2416277518345851       0.9420058242976665
     656.2418278852568392       1.0024954043328762
     656.2420280186792070       0.9762855842709541
     656.2422281521014611       0.9511486999690533
     656.2424282855237152       0.9333904087543488
     656.2426284189459693       0.9535706192255020
     656.2428285523683371       0.9417419657111168
     656.2430286857905912       0.9112849980592728
     656.2432288192128453       1.0387949012219906
     656.2434289526350994       1.0816820859909058
     656.2436290860574672       0.9807561412453651
     656.2438292194797214       0.9822815377265215
     656.2440293529019755       1.0179143510758877
     656.2442294863242296       0.9682543240487576
     656.2444296197464837       1.0659344270825386
     656.2446297531688515       0.9785642251372337
     656.2448298865911056       1.0659737363457680
     656.2450300200133597       1.0034822826273739
     656.2452301534356138       0.9879206698387861
     656.2454302868579816       0.9957826249301434
     656.2456304202802357       1.0085886614397168
     656.2458305537024899       1.0079259183257818
     656.2460306871247440       0.9766683410853148
     656.2462308205471118       1.0121413357555866
     656.2464309539693659       1.0301884394139051
     656.2466310873916200       1.0251001454889774
     656.2468312208138741       0.9624767974019051
     656.2470313542362419       0.9443227760493755
     656.2472314876584960       0.9523773938417435
     656.2474316210807501       1.0009548552334309
     656.2476317545030042       0.9991965219960548
     656.2478318879253720       0.9587836004793644
     656.2480320213476261       0.9965884406119585
     656.2482321547698803       1.0229930151253939
     656.2484322881921344       1.0684087499976158
     656.2486324216145022       0.9848760152235627
     656.2488325550367563       0.9976168759167194
     656.2490326884590104       0.9600088857114315
     656.2492328218812645       0.9875799724832177
     656.2494329553035186       0.9767989460378885
     656.2496330887258864       0.9714279584586620
     656.2498332221481405       0.9827601872384548
     656.2500333555703946       1.0370354615151882
     656.2502334889926487       1.0008508283062838
     656.2504336224150165       1.0010053876321763
     656.2506337558372707       1.0486674420535564
     656.2508338892595248       1.0364864878356457
     656.2510340226817789       0.9868563385680318
     656.2512341561041467       1.0468239262700081
     656.2514342895264008       1.0044934800826013
     656.2516344229486549       1.0731989145278931
     656.2518345563709090       1.0069161490537226
     656.2520346897932768       1.0118425907567143
     656.2522348232155309       0.9828695766627789
     656.2524349566377850       0.9545685797929764
     656.2526350900600391       1.0046655121259391
     656.2528352234824069       1.0134025467559695
     656.2530353569046611       1.0740477964282036
     656.2532354903269152       0.9985653841868043
     656.2534356237491693       0.9780368469655514
     656.2536357571715371       0.9955193311907351
     656.2538358905937912       0.9981524460017681
     656.2540360240160453       1.1020969077944756
     656.2542361574382994       1.0780077204108238
     656.2544362908606672       1.0875003412365913
     656.2546364242829213       0.9868623390793800
     656.2548365577051754       1.0306189935654402
     656.2550366911274295       1.0887135639786720
     656.2552368245496837       1.0143988346680999
     656.2554369579720515       1.0211277157068253
     656.2556370913943056       0.9556449539959431
     656.2558372248165597       0.9595763944089413
     656.2560373582388138       1.0019054346485063
     656.2562374916611816       0.9182361736893654
     656.2564376250834357       1.0763693898916245
     656.2566377585056898       1.0885801166296005
     656.2568378919279439       0.9528349377214909
     656.2570380253503117       1.0100255869328976
     656.2572381587725658       0.9555161818861961
     656.2574382921948200       0.9700527191162109
     656.2576384256170741       1.0850654914975166
     656.2578385590394419       0.9546562694013119
     656.2580386924616960       1.0731357708573341
     656.2582388258839501       0.8976555243134499
     656.2584389593062042       1.0498774163424969
     656.2586390927285720       1.0205581001937389
     656.2588392261508261       0.9822486564517021
     656.2590393595730802       0.9780088644474745
     656.2592394929953343       0.9955651243217289
     656.2594396264177021       0.9586397372186184
     656.2596397598399562       0.9235949814319611
     656.2598398932622104       1.0129355015233159
     656.2600400266844645       0.9351757317781448
     656.2602401601067186       1.0417681708931923
     656.2604402935290864       1.0139275109395385
     656.2606404269513405       1.0514196231961250
     656.2608405603735946       1.0497118085622787
     656.2610406937958487       0.9944550334475935
     656.2612408272182165       1.0330274999141693
     656.2614409606404706       0.9923198721371591
     656.2616410940627247       1.0348969511687756
     656.2618412274849788       0.9939137473702431
     656.2620413609073466       1.0497530251741409
     656.2622414943296008       1.0086209317669272
     656.2624416277518549       0.9622727073729038
     656.2626417611741090       0.9443760626018047
     656.2628418945964768       0.9936895393766463
     656.2630420280187309       1.0182090811431408
     656.2632421614409850       0.9435771927237511
     656.2634422948632391       0.9846990332007408
     656.2636424282856069       0.9819065872579813
     656.2638425617078610       0.9938857681117952
     656.2640426951301151       1.0248044896870852
     656.2642428285523692       0.9507640935480595
     656.2644429619747370       0.9858558187261224
     656.2646430953969912       1.0818949118256569
     656.2648432288192453       1.0328981578350067
     656.2650433622414994       1.0501488931477070
     656.2652434956638672       0.9424645826220512
     656.2654436290861213       1.0111348116770387
     656.2656437625083754       0.9600610993802547
     656.2658438959306295       0.9666394144296646
     656.2660440293528836       0.9596842266619205
     656.2662441627752514       1.0436272360384464
     656.2664442961975055       0.9373655095696449
     656.2666444296197596       0.9514210112392902
     656.2668445630420138       0.9842533860355616
     656.2670446964643816       0.9541709758341312
     656.2672448298866357       1.0117442933842540
     656.2674449633088898       1.0655594766139984
     656.2676450967311439       1.0757280215620995
     656.2678452301535117       0.9933412862010300
     656.2680453635757658       1.0556899681687355
     656.2682454969980199       1.0132905216887593
     656.2684456304202740       0.9535545185208321
     656.2686457638426418       0.9610506482422352
     656.2688458972648959       0.9478674121201038
     656.2690460306871501       1.0309072285890579
     656.2692461641094042       1.0127595169469714
     656.2694462975317720       0.9221501648426056
     656.2696464309540261       1.0111017720773816
     656.2698465643762802       0.9373109713196754
     656.2700466977985343       1.0456662848591805
     656.2702468312209021       0.9291922226548195
     656.2704469646431562       0.8939091786742210
     656.2706470980654103       0.9619796536862850
     656.2708472314876644       1.0164679344743490
     656.2710473649099185       0.9627191796898842
     656.2712474983322863       1.0674211308360100
     656.2714476317545405       0.9082861617207527
     656.2716477651767946       0.9934891648590565
     656.2718478985990487       0.9989302864996716
     656.2720480320214165       0.9656462110579014
     656.2722481654436706       0.9881571074947715
     656.2724482988659247       1.0303796380758286
     656.2726484322881788       1.0148155167698860
     656.2728485657105466       0.9706186503171921
     656.2730486991328007       0.9976351878140122
     656.2732488325550548       1.0394242070615292
     656.2734489659773089       0.9914020281285048
     656.2736490993996767       1.0152429817244411
     656.2738492328219309       1.0634741857647896
     656.2740493662441850       0.9135717600584030
     656.2742494996664391       1.0102000469341874
     656.2744496330888069       0.9832631293684244
     656.2746497665110610       1.0244800485670567
     656.2748498999333151       1.0863808840513229
     656.2750500333555692       0.9565266110002995
     656.2752501667779370       1.0474604815244675
     656.2754503002001911       0.9956045509316027
     656.2756504336224452       0.9660001620650291
     656.2758505670446993       0.8990130648016930
     656.2760507004670671       0.9521765597164631
     656.2762508338893213       0.9961575402412564
     656.2764509673115754       1.0987308248877525
     656.2766511007338295       1.0257402751594782
     656.2768512341560836       0.9171857163310051
     656.2770513675784514       1.0191846285015345
     656.2772515010007055       0.9570924751460552
     656.2774516344229596       1.0206265114247799
     656.2776517678452137       0.9999955930643409
     656.2778519012675815       1.0572979524731636
     656.2780520346898356       1.0366414673626423
     656.2782521681120897       0.9815682284533978
     656.2784523015343439       1.0283455103635788
     656.2786524349567117       1.0255391690880060
     656.2788525683789658       0.9489237479865551
     656.2790527018012199       0.9581102915108204
     656.2792528352234740       0.9386136569082737
     656.2794529686458418       0.9456965513527393
     656.2796531020680959       0.9556478150188923
     656.2798532354903500       0.9772002212703228
     656.2800533689126041       1.0747761800885201
     656.2802535023349719       1.0168162919580936
     656.2804536357572260       0.9809937477111816
     656.2806537691794802       1.0266552902758121
     656.2808539026017343       0.9592974372208118
     656.2810540360241021       0.9791117776185274
     656.2812541694463562       1.0844192728400230
     656.2814543028686103       1.0131911486387253
     656.2816544362908644       0.9730720929801464
     656.2818545697131185       1.0574107840657234
     656.2820547031354863       1.0436265878379345
     656.2822548365577404       0.9582856558263302
     656.2824549699799945       1.0342190079391003
     656.2826551034022486       1.0547960177063942
     656.2828552368246164       0.9488664194941521
     656.2830553702468706       0.9485375285148621
     656.2832555036691247       0.9866646276786923
     656.2834556370913788       1.0639503747224808
     656.2836557705137466       1.0090454434975982
     656.2838559039360007       0.9637232050299644
     656.2840560373582548       1.0441794283688068
     656.2842561707805089       1.0173781272023916
     656.2844563042028767       1.0685485228896141
     656.2846564376251308       0.9404383935034275
     656.2848565710473849       1.0219796430319548
     656.2850567044696390       1.0334071628749371
     656.2852568378920068       1.0149936471134424
     656.2854569713142610       1.0077870558016002
     656.2856571047365151       0.9923991104587913
     656.2858572381587692       0.9808145742863417
     656.2860573715811370       0.9952497431077063
     656.2862575050033911       1.0219883956015110
     656.2864576384256452       0.9736450482159853
     656.2866577718478993       0.9818768668919802
     656.2868579052702671       1.0183264464139938
     656.2870580386925212       0.9775624889880419
     656.2872581721147753       0.9757730606943369
     656.2874583055370294       1.0197409298270941
     656.2876584389592836       1.0022070505656302
     656.2878585723816514       0.9936995669268072
     656.2880587058039055       0.9573088921606541
     656.2882588392261596       0.8893717601895332
     656.2884589726484137       1.0552558600902557
     656.2886591060707815       0.9882053658366203
     656.2888592394930356       0.9687137417495251
     656.2890593729152897       1.0761277005076408
     656.2892595063375438       0.9808363337069750
     656.2894596397599116       0.9914415897801518
     656.2896597731821657       1.0378757007420063
     656.2898599066044198       0.9592744149267673
     656.2900600400266740       0.9155422896146774
     656.2902601734490418       0.9657759405672550
     656.2904603068712959       0.9616372771561146
     656.2906604402935500       1.0578332208096981
     656.2908605737158041       1.0263727493584156
     656.2910607071381719       1.0416667312383652
     656.2912608405604260       0.9903281787410378
     656.2914609739826801       1.0408128537237644
     656.2916611074049342       1.0547563992440701
     656.2918612408273020       1.0960844084620476
     656.2920613742495561       0.9973422454204410
     656.2922615076718103       0.8697400391101837
     656.2924616410940644       1.0269031468778849
     656.2926617745164322       0.9825121387839317
     656.2928619079386863       0.9564259052276611
     656.2930620413609404       0.9681584760546684
     656.2932621747831945       1.0457984320819378
     656.2934623082054486       1.0712614953517914
     656.2936624416278164       1.0075161815620959
     656.2938625750500705       1.0405568741261959
     656.2940627084723246       0.9099959284067154
     656.2942628418945787       1.0263857971876860
     656.2944629753169465       0.9234420359134674
     656.2946631087392007       0.9838179945945740
     656.2948632421614548       0.9539107717573643
     656.2950633755837089       0.9909500647336245
     656.2952635090060767       1.0478566624224186
     656.2954636424283308       0.9187877699732780
     656.2956637758505849       0.9628639295697212
     656.2958639092728390       1.0751858055591583
     656.2960640426952068       1.0286384224891663
     656.2962641761174609       1.0232524946331978
     656.2964643095397150       0.9976240899413824
     656.2966644429619691       1.0063219144940376
     656.2968645763843369       0.9512856341898441
     656.2970647098065911       0.9363331496715546
     656.2972648432288452       0.9851919757202268
     656.2974649766510993       0.9549261853098869
     656.2976651100734671       1.0474179945886135
     656.2978652434957212       1.0451750271022320
     656.2980653769179753       1.0562076456844807
     656.2982655103402294       0.9051005244255066
     656.2984656437624835       1.0453279316425323
     656.2986657771848513       0.9718252588063478
     656.2988659106071054       1.0420516245067120
     656.2990660440293595       1.0200097169727087
     656.2992661774516137       0.9429971501231194
     656.2994663108739815       0.9599473401904106
     656.2996664442962356       0.9804935138672590
     656.2998665777184897       0.9983826910611242
     656.3000667111407438       1.0129870697855949
     656.3002668445631116       1.0464224033057690
     656.3004669779853657       0.9721153527498245
     656.3006671114076198       0.9999046999946586
     656.3008672448298739       1.0131928743794560
     656.3010673782522417       1.0747623294591904
     656.3012675116744958       0.9850557865574956
     656.3014676450967499       0.9768573269248009
     656.3016677785190041       1.0017776765162125
     656.3018679119413719       1.0735532119870186
     656.3020680453636260       0.9946840968914330
     656.3022681787858801       1.0481487177312374
     656.3024683122081342       0.9473123438656330
     656.3026684456305020       0.8669776618480682
     656.3028685790527561       0.9252014234662056
     656.3030687124750102       1.0687837451696396
     656.3032688458972643       0.9865673212334514
     656.3034689793196321       0.9569687545299530
     656.3036691127418862       1.0902142003178596
     656.3038692461641403       0.9881871044635773
     656.3040693795863945       1.0714054405689240
     656.3042695130086486       0.9956316663883626
     656.3044696464310164       1.0284279733896255
     656.3046697798532705       1.0027700688224286
     656.3048699132755246       0.9814785886555910
     656.3050700466977787       0.9331921041011810
     656.3052701801201465       0.9827045518904924
     656.3054703135424006       1.0045573818497360
     656.3056704469646547       1.0635778456926346
     656.3058705803869088       1.0503724478185177
     656.3060707138092766       1.0071042417548597
     656.3062708472315308       0.9378089830279350
     656.3064709806537849       1.0079650804400444
     656.3066711140760390       0.9113801494240761
     656.3068712474984068       0.9868000382557511
     656.3070713809206609       1.0052215312607586
     656.3072715143429150       1.0590346269309521
     656.3074716477651691       1.0381455719470978
     656.3076717811875369       1.0353966690599918
     656.3078719146097910       1.0289520379155874
     656.3080720480320451       1.0081353345885873
     656.3082721814542992       1.0094974432140589
     656.3084723148766670       0.9349425882101059
     656.3086724482989212       0.9466847702860832
     656.3088725817211753       1.0385440848767757
     656.3090727151434294       0.9712968077510595
     656.3092728485656835       1.0133034652099013
     656.3094729819880513       1.0509114637970924
     656.3096731154103054       1.0144177032634616
     656.3098732488325595       0.9486850984394550
     656.3100733822548136       1.0432706326246262
     656.3102735156771814       0.9398821219801903
     656.3104736490994355       0.9973483113572001
     656.3106737825216896       0.9829462394118309
     656.3108739159439438       0.9639279954135418
     656.3110740493663116       1.0911187976598740
     656.3112741827885657       1.0046605314128101
     656.3114743162108198       0.9584426619112492
     656.3116744496330739       0.9970446310471743
     656.3118745830554417       1.0275876317173243
     656.3120747164776958       0.9577744677662849
     656.3122748498999499       1.0163590554147959
     656.3124749833222040       1.0597243495285511
     656.3126751167445718       1.0243445895612240
     656.3128752501668259       1.0533115267753601
     656.3130753835890800       1.0033962223678827
     656.3132755170113342       0.9337902814149857
     656.3134756504337020       1.0311618205159903
     656.3136757838559561       1.0030734841711819
     656.3138759172782102       0.9954364527948201
     656.3140760507004643       0.8734805881977081
     656.3142761841228321       0.9492665342986584
     656.3144763175450862       1.0151413204148412
     656.3146764509673403       1.0704090446233749
     656.3148765843895944       1.0161037575453520
     656.3150767178118485       1.0324928574264050
     656.3152768512342163       0.9239344224333763
     656.3154769846564704       1.0389541089534760
     656.3156771180787246       1.0273104608058929
     656.3158772515009787       1.0541048645973206
     656.3160773849233465       0.9649431966245174
     656.3162775183456006       1.0743392631411552
     656.3164776517678547       0.9858234925195575
     656.3166777851901088       0.9951585712842643
     656.3168779186124766       0.8883658647537231
     656.3170780520347307       1.0560668185353279
     656.3172781854569848       1.0341736674308777
     656.3174783188792389       0.9542791768908501
     656.3176784523016067       0.9055302515625954
     656.3178785857238609       0.9370459243655205
     656.3180787191461150       1.0417857207357883
     656.3182788525683691       0.9502517245709896
     656.3184789859907369       1.0720428824424744
     656.3186791194129910       1.0976180136203766
     656.3188792528352451       0.9440699853003025
     656.3190793862574992       0.9675450474023819
     656.3192795196798670       1.0802006423473358
     656.3194796531021211       0.9565659798681736
     656.3196797865243752       0.9444136433303356
     656.3198799199466293       0.9853733163326979
     656.3200800533688835       0.9894504258409142
     656.3202801867912513       1.0902925953269005
     656.3204803202135054       1.0282176230102777
     656.3206804536357595       1.0830133184790611
     656.3208805870580136       1.0179595332592726
     656.3210807204803814       1.0223040897399187
     656.3212808539026355       1.0264081750065088
     656.3214809873248896       1.0403037182986736
     656.3216811207471437       1.0339187420904636
     656.3218812541695115       0.9963354954961687
     656.3220813875917656       1.0374679639935493
     656.3222815210140197       1.1055683270096779
     656.3224816544362739       0.9384119026362896
     656.3226817878586417       1.0729110762476921
     656.3228819212808958       0.9616732634603977
     656.3230820547031499       1.0093621527776122
     656.3232821881254040       0.9031880274415016
     656.3234823215477718       1.0319850035011768
     656.3236824549700259       0.9778588898479939
     656.3238825883922800       0.9752652924507856
     656.3240827218145341       1.0072506293654442
     656.3242828552369019       0.9575801976025105
     656.3244829886591560       1.0880527496337891
     656.3246831220814101       0.9710923936218023
     656.3248832555036643       0.9194675460457801
     656.3250833889260321       1.0499391257762909
     656.3252835223482862       0.9573723226785658
     656.3254836557705403       0.9694205690175293
     656.3256837891927944       0.9980541433906178
     656.3258839226150485       1.0276914723217481
     656.3260840560374163       1.0630226209759703
     656.3262841894596704       1.0007693996303701
     656.3264843228819245       0.9224529340863207
     656.3266844563041786       0.9417826421558826
     656.3268845897265464       0.9408930167555762
     656.3270847231488005       0.9877593684941461
     656.3272848565710547       1.0631866455078023
     656.3274849899933088       1.0654396936297266
     656.3276851234156766       0.9583581499755159
     656.3278852568379307       1.0202040132134824
     656.3280853902601848       1.0775045379995818
     656.3282855236824389       1.0669344738125097
     656.3284856571048067       1.0197555255143809
     656.3286857905270608       1.0183248352257903
     656.3288859239493149       0.9756466727701639
     656.3290860573715690       0.9647102914747434
     656.3292861907939368       1.0723390281195870
     656.3294863242161910       0.9741623308503050
     656.3296864576384451       0.9124708846202038
     656.3298865910606992       0.9926117472337128
     656.3300867244830670       1.0182577706854157
     656.3302868579053211       1.0703042522045321
     656.3304869913275752       0.9409014582594888
     656.3306871247498293       0.9742354173157773
     656.3308872581721971       0.9978787812791469
     656.3310873915944512       0.8996301144250605
     656.3312875250167053       0.9760035499774179
     656.3314876584389594       1.0005150145515183
     656.3316877918612136       0.9863437497680727
     656.3318879252835814       0.9291057288216630
     656.3320880587058355       1.0493488944467166
     656.3322881921280896       1.0694818793893004
     656.3324883255503437       1.0285394972895192
     656.3326884589727115       0.9885927399880622
     656.3328885923949656       0.9510612671845032
     656.3330887258172197       1.0305291802369296
     656.3332888592394738       0.9663320291326688
     656.3334889926618416       0.9907670425102796
     656.3336891260840957       1.0847982383874015
     656.3338892595063498       0.9003991473950733
     656.3340893929286040       0.9896719022082640
     656.3342895263509718       1.0698697919787130
     656.3344896597732259       1.0092238300790342
     656.3346897931954800       0.9114032128175915
     656.3348899266177341       1.0429670501399473
     656.3350900600401019       1.1097982833170505
     656.3352901934623560       1.0201168680772992
     656.3354903268846101       1.0143927442536014
     656.3356904603068642       1.0064984055163275
     656.3358905937292320       0.9705367198046496
     656.3360907271514861       0.9844318903316607
     656.3362908605737402       1.0198034951506347
     656.3364909939959944       0.9832403217740983
     656.3366911274182485       0.9372447917610864
     656.3368912608406163       0.9544934285933929
     656.3370913942628704       1.0675837727549358
     656.3372915276851245       0.9597198922925257
     656.3374916611073786       1.0776722370280161
     656.3376917945297464       0.9670602696620725
     656.3378919279520005       0.9389216389687390
     656.3380920613742546       0.9386352178657319
     656.3382921947965087       1.0800883109787316
     656.3384923282188765       0.9968920059867198
     656.3386924616411306       1.0380319843791783
     656.3388925950633848       0.9637438253567533
     656.3390927284856389       1.0292232506883940
     656.3392928619080067       0.9725996365337896
     656.3394929953302608       1.0601675057270521
     656.3396931287525149       1.0021375425054413
     656.3398932621747690       1.0409443421925044
     656.3400933955971368       1.0213709556564519
     656.3402935290193909       0.9979432793962899
     656.3404936624416450       1.0690197005288302
     656.3406937958638991       0.9075776601870648
     656.3408939292862669       1.0826876628484299
     656.3410940627085211       0.9362456029163641
     656.3412941961307752       0.9550006234020105
     656.3414943295530293       1.0227678734568171
     656.3416944629753971       1.0909004166618850
     656.3418945963976512       0.9885074731372931
     656.3420947298199053       1.0672723273011724
     656.3422948632421594       0.9952058607099984
     656.3424949966644135       1.0233116943846969
     656.3426951300867813       1.0156828453647702
     656.3428952635090354       0.9747327750968022
     656.3430953969312895       1.0026935960192280
     656.3432955303535437       1.0674446023216064
     656.3434956637759115       1.0000708923868444
     656.3436957971981656       1.0079969673568583
     656.3438959306204197       1.0563524432279277
     656.3440960640426738       1.0314729936396601
     656.3442961974650416       0.9484565708188547
     656.3444963308872957       0.9945146381293781
     656.3446964643095498       0.9112339343961020
     656.3448965977318039       0.9408792817706411
     656.3450967311541717       1.0175905135404379
     656.3452968645764258       1.0109702997811203
     656.3454969979986799       1.0162057675556457
     656.3456971314209341       1.0430339652666687
     656.3458972648433019       1.0071586787074143
     656.3460973982655560       0.9505117439412489
     656.3462975316878101       1.0121145555674105
     656.3464976651100642       0.9639826354745072
     656.3466977985324320       1.0359486539148630
     656.3468979319546861       0.9887263038862973
     656.3470980653769402       0.9866066943567284
     656.3472981987991943       1.0134497228042334
     656.3474983322214484       1.0443100674661168
     656.3476984656438162       0.9241677057350420
     656.3478985990660703       1.0369107218289915
     656.3480987324883245       0.9189738135048580
     656.3482988659105786       1.0454099182091503
     656.3484989993329464       0.9811818252722531
     656.3486991327552005       1.0352666874981029
     656.3488992661774546       0.9995555145190532
     656.3490993995997087       1.0115117560875722
     656.3492995330220765       1.0248063195559010
     656.3494996664443306       1.0129360402638929
     656.3496997998665847       1.0250904925640612
     656.3498999332888388       1.0172951727702957
     656.3501000667112066       0.9729360784560827
     656.3503002001334607       1.0371413234465681
     656.3505003335557149       0.9800130886367664
     656.3507004669779690       0.9573493843007552
     656.3509006004003368       1.0274084454900576
     656.3511007338225909       0.9759632697074437
     656.3513008672448450       0.9792982185461779
     656.3515010006670991       0.9493766180440578
     656.3517011340894669       0.9345533653503636
     656.3519012675117210       0.9789395680925711
     656.3521014009339751       0.8330546150125653
     656.3523015343562292       0.9845386554286431
     656.3525016677785970       0.8564184913746210
     656.3527018012008512       0.9402264570409512
     656.3529019346231053       1.0003178813472089
     656.3531020680453594       0.8620748604825903
     656.3533022014676135       0.9820361990359313
     656.3535023348899813       0.9265889233813991
     656.3537024683122354       0.9979277042651795
     656.3539026017344895       0.9410128783520693
     656.3541027351567436       0.8772289544381346
     656.3543028685791114       0.8651845700239896
     656.3545030020013655       0.8872850211197103
     656.3547031354236196       0.8908493717321132
     656.3549032688458738       0.8519991214634660
     656.3551034022682416       0.8817625824427016
     656.3553035356904957       0.8651390666333306
     656.3555036691127498       0.8599052759793334
     656.3557038025350039       0.7801049956636625
     656.3559039359573717       0.9541004865790788
     656.3561040693796258       0.7643721572803456
     656.3563042028018799       0.8511975299774277
     656.3565043362241340       0.8737233412716235
     656.3567044696465018       0.8228280685265548
     656.3569046030687559       0.7807283936906090
     656.3571047364910100       0.7457453217574527
     656.3573048699132642       0.7686316644937803
     656.3575050033356320       0.8401487090649580
     656.3577051367578861       0.8800502444213376
     656.3579052701801402       0.7571984708799985
     656.3581054036023943       0.8231450966154203
     656.3583055370246484       0.7899105523315439
     656.3585056704470162       0.8124233752044474
     656.3587058038692703       0.8349406174574814
     656.3589059372915244       0.8153601079232312
     656.3591060707137785       0.7821563772051345
     656.3593062041361463       0.8611766952555023
     656.3595063375584004       0.8794260296415022
     656.3597064709806546       0.8321612803714316
     656.3599066044029087       0.8252498205361882
     656.3601067378252765       0.8956170879078780
     656.3603068712475306       0.8140978384548631
     656.3605070046697847       0.8411195286677871
     656.3607071380920388       0.8190335744259335
     656.3609072715144066       0.9096946129336736
     656.3611074049366607       0.8651621949102170
     656.3613075383589148       0.8470785759798040
     656.3615076717811689       0.9024781497565715
     656.3617078052035367       0.8025414124019855
     656.3619079386257908       0.8526755517484114
     656.3621080720480450       0.8491940752045211
     656.3623082054702991       0.8675017749903282
     656.3625083388926669       0.8858252103711040
     656.3627084723149210       0.8829482945952523
     656.3629086057371751       0.9254628226455716
     656.3631087391594292       0.8794696802805245
     656.3633088725817970       0.8815477461611922
     656.3635090060040511       0.8829777008636828
     656.3637091394263052       0.8948820945166294
     656.3639092728485593       0.9320095703649437
     656.3641094062708135       0.8939474557444284
     656.3643095396931813       0.9351082706140456
     656.3645096731154354       0.8847094334579517
     656.3647098065376895       0.8957558532638240
     656.3649099399599436       0.9186144771505976
     656.3651100733823114       0.9743317488568137
     656.3653102068045655       0.9862546127317685
     656.3655103402268196       0.9107145548501522
     656.3657104736490737       0.9296440296776112
     656.3659106070714415       0.9959052067912539
     656.3661107404936956       0.9719072719558112
     656.3663108739159497       0.8976125551858520
     656.3665110073382039       0.9119654870464353
     656.3667111407605717       0.9963445272601339
     656.3669112741828258       0.9832600604678607
     656.3671114076050799       0.9308797213731133
     656.3673115410273340       1.0345889557175199
     656.3675116744497018       0.9318978944789205
     656.3677118078719559       0.9665321157781881
     656.3679119412942100       0.9211518935962220
     656.3681120747164641       1.0430645626392541
     656.3683122081388319       1.0662517249726458
     656.3685123415610860       0.9405859045813032
     656.3687124749833401       1.0610679925744333
     656.3689126084055943       1.0268573547376478
     656.3691127418278484       1.0485290079529010
     656.3693128752502162       0.9921922578892601
     656.3695130086724703       0.9893895313657404
     656.3697131420947244       0.9463738029805441
     656.3699132755169785       0.9817988757145013
     656.3701134089393463       0.9925583283019571
     656.3703135423616004       1.0682817671218499
     656.3705136757838545       1.0074621551110821
     656.3707138092061086       1.0782150308168319
     656.3709139426284764       1.0339785195473903
     656.3711140760507305       0.9346591830949921
     656.3713142094729847       1.0277442647080917
     656.3715143428952388       1.1050358750342375
     656.3717144763176066       0.8785005793218071
     656.3719146097398607       1.0477129270892684
     656.3721147431621148       1.0596370207345085
     656.3723148765843689       1.0266598989847946
     656.3725150100067367       1.0848811843560731
     656.3727151434289908       0.9889095471962411
     656.3729152768512449       0.9501653529865175
     656.3731154102734990       1.0155929939691273
     656.3733155436958668       1.0547115609547377
     656.3735156771181209       1.0816910117923353
     656.3737158105403751       0.9157979783031872
     656.3739159439626292       1.0669094250380933
     656.3741160773849970       0.9762308220014558
     656.3743162108072511       0.9184140215209490
     656.3745163442295052       0.9518429475179317
     656.3747164776517593       1.0231178892122839
     656.3749166110740134       1.0173602948164906
     656.3751167444963812       0.9613807426032426
     656.3753168779186353       0.9263410586800807
     656.3755170113408894       0.9953334743873999
     656.3757171447631436       0.9631738844551183
     656.3759172781855113       0.9630454964140781
     656.3761174116077655       0.9161790941178439
     656.3763175450300196       1.0231874147810434
     656.3765176784522737       1.0048054012534562
     656.3767178118746415       1.0373084749167001
     656.3769179452968956       0.9668766704457040
     656.3771180787191497       1.0252733953152109
     656.3773182121414038       0.9960624023197097
     656.3775183455637716       0.8878879922851469
     656.3777184789860257       1.0179481261626713
     656.3779186124082798       1.0307922895926549
     656.3781187458305340       1.0090401605683770
     656.3783188792529018       0.9410983293745022
     656.3785190126751559       0.9397031694873855
     656.3787191460974100       1.0296713785158729
     656.3789192795196641       0.9655847511577531
     656.3791194129420319       0.9264401470057860
     656.3793195463642860       0.9523429022325266
     656.3795196797865401       1.0283512308326563
     656.3797198132087942       1.0247640291002060
     656.3799199466311620       1.0850090186689598
     656.3801200800534161       0.9267614968017363
     656.3803202134756702       1.0029591504535174
     656.3805203468979244       0.9860791557503810
     656.3807204803201785       0.9685731757544596
     656.3809206137425463       1.0324038341361264
     656.3811207471648004       1.1497291073099491
     656.3813208805870545       1.0274132541386694
     656.3815210140093086       0.9091990595641628
     656.3817211474316764       0.9907406703131805
     656.3819212808539305       1.0651758307276753
     656.3821214142761846       1.0511646881332706
     656.3823215476984387       0.9872836733323118
     656.3825216811208065       0.9724548537700622
     656.3827218145430606       0.9885379731358697
     656.3829219479653148       0.9705267176559532
     656.3831220813875689       1.0654287995478062
     656.3833222148099367       1.0469614704589500
     656.3835223482321908       1.0454153597627183
     656.3837224816544449       0.9295182446358101
     656.3839226150766990       0.9935287359069164
     656.3841227484990668       0.9904117153036558
     656.3843228819213209       1.0382466276950533
     656.3845230153435750       1.0461508555738632
     656.3847231487658291       0.9537886901634576
     656.3849232821881969       0.9969545532189250
     656.3851234156104510       0.9587056822528857
     656.3853235490327052       0.9154189377631935
     656.3855236824549593       0.9686038680094997
     656.3857238158772134       1.0841861739555312
     656.3859239492995812       1.0409558713294338
     656.3861240827218353       1.0152559084717181
     656.3863242161440894       1.0090313106704105
     656.3865243495663435       0.9828676730344119
     656.3867244829887113       0.9940733350778012
     656.3869246164109654       0.9076154455517718
     656.3871247498332195       0.9328325539809940
     656.3873248832554737       1.1072724610554929
     656.3875250166778414       1.0483082644632920
     656.3877251501000956       0.9336671158665483
     656.3879252835223497       0.9246569424863540
     656.3881254169446038       1.0453467778858694
     656.3883255503669716       0.9965553025247439
     656.3885256837892257       1.0412836708127107
     656.3887258172114798       1.0154911875723869
     656.3889259506337339       0.9777196031063162
     656.3891260840561017       0.9988959535257459
     656.3893262174783558       1.0792520269751256
     656.3895263509006099       0.9713744577020207
     656.3897264843228641       0.9328761175274713
     656.3899266177452319       1.0577243156731035
     656.3901267511674860       1.0041879075579283
     656.3903268845897401       0.9564318843185859
     656.3905270180119942       0.9937009168788763
     656.3907271514343620       0.9976321323774736
     656.3909272848566161       0.9547933377325523
     656.3911274182788702       1.0077376402914515
     656.3913275517011243       0.9466001316905016
     656.3915276851233784       1.0536435954272743
     656.3917278185457462       1.0243637543171642
     656.3919279519680003       0.9875597786158322
     656.3921280853902545       1.0694848969578743
     656.3923282188125086       1.0472279451787472
     656.3925283522348764       1.0103751514106989
     656.3927284856571305       0.9523520879447460
     656.3929286190793846       0.9723431076854467
     656.3931287525016387       1.0172021929174662
     656.3933288859240065       0.9951076214201748
     656.3935290193462606       1.0122944097965956
     656.3937291527685147       0.9766634386032820
     656.3939292861907688       0.9899562103673816
     656.3941294196131366       0.8978405371308327
     656.3943295530353907       0.9528203755617142
     656.3945296864576449       0.9864793354645371
     656.3947298198798990       1.0076991850510240
     656.3949299533022668       1.1116094142198563
     656.3951300867245209       1.0075891055166721
     656.3953302201467750       1.0103255780413747
     656.3955303535690291       1.0045635597780347
     656.3957304869913969       1.0047890511341393
     656.3959306204136510       1.0340040363371372
     656.3961307538359051       1.1296279877424240
     656.3963308872581592       0.9994550010887906
     656.3965310206804133       1.0018894335953519
     656.3967311541027811       0.9835722893476486
     656.3969312875250353       0.9745596889406443
     656.3971314209472894       0.9935741224326193
     656.3973315543695435       0.9755849707871675
     656.3975316877919113       1.0200810320675373
     656.3977318212141654       1.0022122336085886
     656.3979319546364195       0.9800990130752325
     656.3981320880586736       0.9074807688593864
     656.3983322214810414       0.9047710373997688
     656.3985323549032955       0.9554321803152561
     656.3987324883255496       0.8978253453969955
     656.3989326217478038       1.0431016571819782
     656.3991327551701715       1.0151978200301528
     656.3993328885924257       1.0432880781590939
     656.3995330220146798       1.1604538708925247
     656.3997331554369339       0.9672425575554371
     656.3999332888593017       0.9784482158720493
     656.4001334222815558       1.0638744160532951
     656.4003335557038099       1.0097857480868697
     656.4005336891260640       1.0356451757252216
     656.4007338225484318       0.9579463005065918
     656.4009339559706859       0.9803936127573252
     656.4011340893929400       0.9988944926299155
     656.4013342228151942       1.0651844516396523
     656.4015343562375620       0.9298763424158096
     656.4017344896598161       0.9682117737829685
     656.4019346230820702       0.9742696676403284
     656.4021347565043243       0.9818948078900576
     656.4023348899265784       0.9534953832626343
     656.4025350233489462       1.0578477196395397
     656.4027351567712003       0.9728040508925915
     656.4029352901934544       0.9395444132387638
     656.4031354236157085       1.0207186844199896
     656.4033355570380763       0.9625685587525368
     656.4035356904603304       0.9839652143418789
     656.4037358238825846       1.0457501672208309
     656.4039359573048387       1.0037244937848300
     656.4041360907272065       0.9835774246603251
     656.4043362241494606       0.9674058668315411
     656.4045363575717147       0.9768700432032347
     656.4047364909939688       0.9068508744239807
     656.4049366244163366       1.0152606684714556
     656.4051367578385907       0.9877734528854489
     656.4053368912608448       1.0468715839087963
     656.4055370246830989       1.0176757853478193
     656.4057371581054667       0.9971890882588923
     656.4059372915277208       0.9755469802767038
     656.4061374249499750       0.9889135882258415
     656.4063375583722291       0.9128166809678078
     656.4065376917945969       0.9212713614106178
     656.4067378252168510       1.0043543390929699
     656.4069379586391051       0.9110300987958908
     656.4071380920613592       1.0611807294189930
     656.4073382254836133       1.0586644597351551
     656.4075383589059811       0.9586002267897129
     656.4077384923282352       1.0461360923945904
     656.4079386257504893       0.9479888714849949
     656.4081387591727434       1.0273961573839188
     656.4083388925951112       0.9495000578463078
     656.4085390260173654       1.0581969693303108
     656.4087391594396195       1.0640481412410736
     656.4089392928618736       1.0701122805476189
     656.4091394262842414       1.0489810854196548
     656.4093395597064955       0.9824300277978182
     656.4095396931287496       1.0984373241662979
     656.4097398265510037       1.0759822353720665
     656.4099399599733715       0.9219758287072182
     656.4101400933956256       0.9557716138660908
     656.4103402268178797       0.9973167211282998
     656.4105403602401339       1.0310212168842554
     656.4107404936625016       0.9576047919690609
     656.4109406270847558       0.9762805271893740
     656.4111407605070099       0.8663529753684998
     656.4113408939292640       1.0191707201302052
     656.4115410273516318       1.0025623196270317
     656.4117411607738859       1.0065945382229984
     656.4119412941961400       1.0151237146928906
     656.4121414276183941       0.9833410400897264
     656.4123415610407619       1.0630682259798050
     656.4125416944630160       0.9719074517488480
     656.4127418278852701       0.9458005838096142
     656.4129419613075243       1.0530229620635509
     656.4131420947297784       1.0047195744700730
     656.4133422281521462       1.0458161421120167
     656.4135423615744003       1.0603059343993664
     656.4137424949966544       0.8701089769601822
     656.4139426284189085       1.0253683272749186
     656.4141427618412763       0.9792111814022064
     656.4143428952635304       0.9220050573348999
     656.4145430286857845       0.9062245860695839
     656.4147431621080386       0.9809023998677731
     656.4149432955304064       0.9537740498781204
     656.4151434289526605       0.9671778082847595
     656.4153435623749147       0.9873190550133586
     656.4155436957971688       0.9782225955277681
     656.4157438292195366       0.9841517806053162
     656.4159439626417907       0.9704500306397676
     656.4161440960640448       0.9314495846629143
     656.4163442294862989       0.9782358240336180
     656.4165443629086667       1.1011124476790428
     656.4167444963309208       1.0109777506440878
     656.4169446297531749       1.0217537246644497
     656.4171447631754290       0.9571423567831516
     656.4173448965977968       1.0183031633496284
     656.4175450300200509       0.9871490607038140
     656.4177451634423051       1.0133677199482918
     656.4179452968645592       0.9746935758739710
     656.4181454302869270       1.0671248063445091
     656.4183455637091811       1.0294502563774586
     656.4185456971314352       1.0773665383458138
     656.4187458305536893       1.0041147693991661
     656.4189459639759434       1.0305138565599918
     656.4191460973983112       0.9543642587959766
     656.4193462308205653       0.9700810518115759
     656.4195463642428194       1.0826152935624123
     656.4197464976650735       1.0248180124908686
     656.4199466310874413       1.0344971381127834
     656.4201467645096955       1.0088841840624809
     656.4203468979319496       0.9912271695211530
     656.4205470313542037       1.0253271888941526
     656.4207471647765715       0.9640039838850498
     656.4209472981988256       1.0628740340471268
     656.4211474316210797       1.0951521322131157
     656.4213475650433338       1.0024517709389329
     656.4215476984657016       0.9258698374032974
     656.4217478318879557       0.9221567884087563
     656.4219479653102098       0.9415614902973175
     656.4221480987324640       0.9872077563777566
     656.4223482321548317       1.0983846560120583
     656.4225483655770859       1.0280192401260138
     656.4227484989993400       1.0576278381049633
     656.4229486324215941       0.9546309001743793
     656.4231487658439619       1.0548359341919422
     656.4233488992662160       0.9981110412627459
     656.4235490326884701       0.9307231530547142
     656.4237491661107242       1.0767940282821655
     656.4239492995329783       0.9883391615003347
     656.4241494329553461       0.9449152760207653
     656.4243495663776002       1.0323435366153717
     656.4245496997998544       1.0156381819397211
     656.4247498332221085       0.9398305416107178
     656.4249499666444763       1.0462215058505535
     656.4251501000667304       1.1437296867370605
     656.4253502334889845       1.0441927276551723
     656.4255503669112386       0.9873538687825203
     656.4257505003336064       0.9541251771152020
     656.4259506337558605       1.0359159260988235
     656.4261507671781146       1.0016575796762481
     656.4263509006003687       0.9682852327823639
     656.4265510340227365       0.9741960708051920
     656.4267511674449906       1.0445688664913177
     656.4269513008672448       0.9546052850782871
     656.4271514342894989       1.0165191516280174
     656.4273515677118667       0.9980240699369460
     656.4275517011341208       1.0115618677809834
     656.4277518345563749       0.9921949021518230
     656.4279519679786290       1.0265464484691620
     656.4281521014009968       0.9865216016769409
     656.4283522348232509       0.9656838960945606
     656.4285523682455050       0.9625610001385212
     656.4287525016677591       1.0513185225427151
     656.4289526350901269       0.9669800922274590
     656.4291527685123810       1.0308755636215210
     656.4293529019346352       1.0801630243659019
     656.4295530353568893       1.0032605917658657
     656.4297531687791434       1.0010588733712211
     656.4299533022015112       0.9683821536600590
     656.4301534356237653       0.9451291859149933
     656.4303535690460194       1.0052730296738446
     656.4305537024682735       0.9606789015233517
     656.4307538358906413       1.0267042052000761
     656.4309539693128954       1.0450412668287754
     656.4311541027351495       0.9582548104226589
     656.4313542361574036       1.0338688232004642
     656.4315543695797714       1.1053599044680595
     656.4317545030020256       0.9260127916932106
     656.4319546364242797       1.0572064630687237
     656.4321547698465338       1.0204874221235514
     656.4323549032689016       0.9740370772778988
     656.4325550366911557       0.9909320930019021
     656.4327551701134098       1.0171208214014769
     656.4329553035356639       1.0392473638057709
     656.4331554369580317       0.9338528290390968
     656.4333555703802858       0.9647343344986439
     656.4335557038025399       0.9781933501362801
     656.4337558372247940       1.0430902056396008
     656.4339559706471618       1.0068982131779194
     656.4341561040694160       0.9310360327363014
     656.4343562374916701       0.9683602675795555
     656.4345563709139242       1.0351505912840366
     656.4347565043361783       1.0301465280354023
     656.4349566377585461       0.9727847222238779
     656.4351567711808002       0.9063453599810600
     656.4353569046030543       0.9924870505928993
     656.4355570380253084       0.9832837227731943
     656.4357571714476762       1.0620101690292358
     656.4359573048699303       1.0018634254811332
     656.4361574382921845       1.0238683577626944
     656.4363575717144386       1.0591088123619556
     656.4365577051368064       0.9733336530625820
     656.4367578385590605       0.9695229288190603
     656.4369579719813146       1.0360490940511227
     656.4371581054035687       0.9258112385869026
     656.4373582388259365       1.0143019109964371
     656.4375583722481906       1.0169512610882521
     656.4377585056704447       1.0322993546724319
     656.4379586390926988       1.0288324411958456
     656.4381587725150666       0.9834839906543493
     656.4383589059373207       0.9506111331284046
     656.4385590393595749       1.0383814126253128
     656.4387591727818290       1.0640908107161522
     656.4389593062041968       1.0489140935242176
     656.4391594396264509       1.0079627335071564
     656.4393595730487050       1.0401116162538528
     656.4395597064709591       0.9717005789279938
     656.4397598398933269       1.0284276213496923
     656.4399599733155810       0.9275268837809563
     656.4401601067378351       0.9891190854832530
     656.4403602401600892       1.0204104464501143
     656.4405603735823433       0.9997599935304606
     656.4407605070047111       1.0136384442448616
     656.4409606404269653       0.9900084650143981
     656.4411607738492194       1.0110606197267771
     656.4413609072714735       1.0330317206680775
     656.4415610406938413       1.0119404820725322
     656.4417611741160954       0.9654943160712719
     656.4419613075383495       0.9978369949385524
     656.4421614409606036       1.0160226132720709
     656.4423615743829714       1.0478055141866207
     656.4425617078052255       1.0197304859757423
     656.4427618412274796       1.0190719347447157
     656.4429619746497337       1.0591761134564877
     656.4431621080721015       0.9300484061241150
     656.4433622414943557       1.0646664053201675
     656.4435623749166098       1.0033031709026545
     656.4437625083388639       0.9684588164091110
     656.4439626417612317       1.0272693373262882
     656.4441627751834858       1.0301899146288633
     656.4443629086057399       1.0295606981962919
     656.4445630420279940       0.8845173493027687
     656.4447631754503618       1.0266620721668005
     656.4449633088726159       0.9912958648055792
     656.4451634422948700       0.9802038688212633
     656.4453635757171241       1.0276103597134352
     656.4455637091393783       0.9577126875519753
     656.4457638425617461       0.9882196048274636
     656.4459639759840002       1.0064998678863049
     656.4461641094062543       1.0320107787847519
     656.4463642428285084       0.9753336533904076
     656.4465643762508762       0.9853912964463234
     656.4467645096731303       0.9828719049692154
     656.4469646430953844       0.9369795769453049
     656.4471647765176385       1.0392103604972363
     656.4473649099400063       1.0349457859992981
     656.4475650433622604       0.9823319260030985
     656.4477651767845146       1.0278622340410948
     656.4479653102067687       0.9914930490776896
     656.4481654436291365       1.0242518037557602
     656.4483655770513906       0.9846553727984428
     656.4485657104736447       1.0052345031872392
     656.4487658438958988       1.0245442818850279
     656.4489659773182666       1.0306660421192646
     656.4491661107405207       1.0903692096471786
     656.4493662441627748       1.0064056725241244
     656.4495663775850289       0.9155863001942635
     656.4497665110073967       0.9456316940486431
     656.4499666444296508       0.9750339128077030
     656.4501667778519050       0.9402139708399773
     656.4503669112741591       0.9450479671359062
     656.4505670446965269       1.0066292732954025
     656.4507671781187810       0.9488923288881779
     656.4509673115410351       0.8846396207809448
     656.4511674449632892       0.9522656388580799
     656.4513675783855433       1.0284621901810169
     656.4515677118079111       1.0514661557972431
     656.4517678452301652       1.0101061789318919
     656.4519679786524193       1.0313958972692490
     656.4521681120746734       1.0399880222976208
     656.4523682454970412       0.9305890575051308
     656.4525683789192954       0.9770151674747467
     656.4527685123415495       0.9715303145349026
     656.4529686457638036       0.9723450653254986
     656.4531687791861714       0.9741239044815302
     656.4533689126084255       1.0999359264969826
     656.4535690460306796       0.9346807599067688
     656.4537691794529337       1.0096177347004414
     656.4539693128753015       1.0153937265276909
     656.4541694462975556       1.0450502745807171
     656.4543695797198097       1.0345043055713177
     656.4545697131420638       0.9877114370465279
     656.4547698465644316       0.9891250273212790
     656.4549699799866858       1.0035235907416791
     656.4551701134089399       1.0687671303749084
     656.4553702468311940       0.9577390439808369
     656.4555703802535618       1.0336900576949120
     656.4557705136758159       0.9491140358150005
     656.4559706470980700       0.9722019284963608
     656.4561707805203241       1.0584225468337536
     656.4563709139425782       1.1071028634905815
     656.4565710473649460       0.9131054356694221
     656.4567711807872001       1.0127288326621056
     656.4569713142094542       1.0264748428016901
     656.4571714476317084       1.0909944102168083
     656.4573715810540762       1.0207503698766232
     656.4575717144763303       1.0364323817193508
     656.4577718478985844       1.0464967302978039
     656.4579719813208385       1.0213613137602806
     656.4581721147432063       0.9746633432805538
     656.4583722481654604       0.9423364028334618
     656.4585723815877145       0.9214551821351051
     656.4587725150099686       1.0201694220304489
     656.4589726484323364       0.9591866545379162
     656.4591727818545905       1.1064264103770256
     656.4593729152768447       1.0399231761693954
     656.4595730486990988       1.0424863509833813
     656.4597731821214666       1.0045762318186462
     656.4599733155437207       0.9278773665428162
     656.4601734489659748       0.9754518512636423
     656.4603735823882289       0.9795195721089840
     656.4605737158105967       0.9384122714400291
     656.4607738492328508       0.9791180305182934
     656.4609739826551049       0.9735296461731195
     656.4611741160773590       1.0125111388042569
     656.4613742494997268       0.9966387059539557
     656.4615743829219809       1.0854018554091454
     656.4617745163442351       1.0020561667624861
     656.4619746497664892       0.9436543397605419
     656.4621747831887433       1.0756748169660568
     656.4623749166111111       1.0199209731072187
     656.4625750500333652       0.9511843696236610
     656.4627751834556193       0.9940023375675082
     656.4629753168778734       1.0442767590284348
     656.4631754503002412       0.9797007236629725
     656.4633755837224953       1.0083044087514281
     656.4635757171447494       0.9956802218221128
     656.4637758505670035       1.0088215628638864
     656.4639759839893713       1.1343802511692047
     656.4641761174116255       0.9409730061888695
     656.4643762508338796       1.0260563287883997
     656.4645763842561337       0.9988893176196143
     656.4647765176785015       1.1008557602763176
     656.4649766511007556       1.0134516675025225
     656.4651767845230097       0.8809598907828331
     656.4653769179452638       0.9951254539191723
     656.4655770513676316       0.9700012300163507
     656.4657771847898857       1.0020045563578606
     656.4659773182121398       1.0387741141021252
     656.4661774516343939       1.0886589512228966
     656.4663775850567617       1.1082715764641762
     656.4665777184790159       1.0615692399442196
     656.4667778519012700       0.9325767233967781
     656.4669779853235241       1.0203222762793303
     656.4671781187458919       1.0389552265405655
     656.4673782521681460       0.9225976914167404
     656.4675783855904001       1.0240698214620352
     656.4677785190126542       0.9873915389180183
     656.4679786524349083       0.9742939714342356
     656.4681787858572761       1.0304165724664927
     656.4683789192795302       1.0086534759029746
     656.4685790527017843       0.9405358843505383
     656.4687791861240385       0.9744337443262339
     656.4689793195464063       1.0169210080057383
     656.4691794529686604       1.0686592236161232
     656.4693795863909145       1.0158739965409040
     656.4695797198131686       0.9507289566099644
     656.4697798532355364       0.9504924453794956
     656.4699799866577905       0.9383236281573772
     656.4701801200800446       1.0119575168937445
     656.4703802535022987       0.9218324869871140
     656.4705803869246665       0.9912046110257506
     656.4707805203469206       0.9809190910309553
     656.4709806537691748       1.0179812815040350
     656.4711807871914289       0.9342598915100098
     656.4713809206137967       0.9250463023781776
     656.4715810540360508       1.0327780805528164
     656.4717811874583049       1.0799317285418510
     656.4719813208805590       1.0122077558189631
     656.4721814543029268       1.0115592656657100
     656.4723815877251809       0.9923927984200418
     656.4725817211474350       0.9823864549398422
     656.4727818545696891       1.0200423989444971
     656.4729819879919432       1.0327507853507996
     656.4731821214143110       1.0426767766475677
     656.4733822548365652       0.9825679827481508
     656.4735823882588193       0.9925516550429165
     656.4737825216810734       1.0451211407780647
     656.4739826551034412       1.0022765106987208
     656.4741827885256953       1.0353184901177883
     656.4743829219479494       0.9942356687970459
     656.4745830553702035       1.0967438593506813
     656.4747831887925713       0.9772345162928104
     656.4749833222148254       1.0457251779735088
     656.4751834556370795       0.9995259787247051
     656.4753835890593336       1.0947140604257584
     656.4755837224817014       1.0908374637365341
     656.4757838559039556       0.9789633527398109
     656.4759839893262097       0.9565894342958927
     656.4761841227484638       0.9761595819145441
     656.4763842561708316       0.9809877090156078
     656.4765843895930857       1.0547087490558624
     656.4767845230153398       0.9522109813988209
     656.4769846564375939       0.9988500978797674
     656.4771847898599617       1.0429488606750965
     656.4773849232822158       0.9853748930618167
     656.4775850567044699       0.9176958873867989
     656.4777851901267240       1.0069399811327457
     656.4779853235490918       0.9684063382446766
     656.4781854569713460       1.0182788539677858
     656.4783855903936001       1.0315734073519707
     656.4785857238158542       1.0075700930319726
     656.4787858572381083       0.9912522435188293
     656.4789859906604761       0.9812688771635294
     656.4791861240827302       0.9889131793752313
     656.4793862575049843       0.9581090845167637
     656.4795863909272384       0.9831383079290390
     656.4797865243496062       0.9767621159553528
     656.4799866577718603       1.0278352499008179
     656.4801867911941144       0.9601103253662586
     656.4803869246163686       0.9629924967885017
     656.4805870580387364       0.9750801026821136
     656.4807871914609905       1.0165621135383844
     656.4809873248832446       1.0388704575598240
     656.4811874583054987       1.0092970943078399
     656.4813875917278665       1.0219868030399084
     656.4815877251501206       1.0781131833791733
     656.4817878585723747       1.0239031501114368
     656.4819879919946288       0.9137465283274651
     656.4821881254169966       0.9166801199316978
     656.4823882588392507       1.0427864901721478
     656.4825883922615049       0.9962459846865386
     656.4827885256837590       1.0042833751067519
     656.4829886591061268       0.9789113830775023
     656.4831887925283809       1.0195046458393335
     656.4833889259506350       1.0087578697130084
     656.4835890593728891       1.0220148470252752
     656.4837891927951432       1.0217302571982145
     656.4839893262175110       0.9266530722379684
     656.4841894596397651       0.9067550078034401
     656.4843895930620192       1.0577631406486034
     656.4845897264842733       1.0318050719797611
     656.4847898599066411       1.1471808999776840
     656.4849899933288953       0.9088627174496651
     656.4851901267511494       1.0688454359769821
     656.4853902601734035       1.0372590497136116
     656.4855903935957713       1.0279116332530975
     656.4857905270180254       0.9386660270392895
     656.4859906604402795       1.0701390132308006
     656.4861907938625336       1.0247278939932585
     656.4863909272849014       0.9230579361319542
     656.4865910607071555       1.0193185657262802
     656.4867911941294096       1.0240268465131521
     656.4869913275516637       0.9884720118716359
     656.4871914609740315       1.0478336326777935
     656.4873915943962857       1.0121247908100486
     656.4875917278185398       1.0018445382593200
     656.4877918612407939       1.0060941842384636
     656.4879919946631617       0.9583337977528572
     656.4881921280854158       1.0733089372515678
     656.4883922615076699       0.9500703141093254
     656.4885923949299240       0.9714788552373648
     656.4887925283522918       1.0331966243684292
     656.4889926617745459       0.9998797339576413
     656.4891927951968000       1.0709936693310738
     656.4893929286190541       1.0051341736689210
     656.4895930620413083       0.9957281975075603
     656.4897931954636761       1.0253110416233540
     656.4899933288859302       1.0650297328829765
     656.4901934623081843       0.9724920354783535
     656.4903935957304384       0.9342979192733765
     656.4905937291528062       0.9533662386238575
     656.4907938625750603       1.0066667343489826
     656.4909939959973144       1.0173214636743069
     656.4911941294195685       1.0338090881705284
     656.4913942628419363       0.9493179507553577
     656.4915943962641904       1.0557192824780941
     656.4917945296864445       0.9867429612204432
     656.4919946631086987       1.0088143786415458
     656.4921947965310665       0.9999902988565736
     656.4923949299533206       0.9755583200603724
     656.4925950633755747       1.0192009788006544
     656.4927951967978288       1.0564945824444294
     656.4929953302201966       1.0732336863875389
     656.4931954636424507       1.0271910279989243
     656.4933955970647048       1.0703722462058067
     656.4935957304869589       0.9138499274849892
     656.4937958639093267       0.9807714335620403
     656.4939959973315808       1.0366491787135601
     656.4941961307538350       0.9734587427228689
     656.4943962641760891       1.0075151221826673
     656.4945963975983432       1.0233251303434372
     656.4947965310207110       1.0480705089867115
     656.4949966644429651       1.0060939728282392
     656.4951967978652192       0.9623485058546066
     656.4953969312874733       1.0306354705244303
     656.4955970647098411       1.0243891607969999
     656.4957971981320952       0.9357480928301811
     656.4959973315543493       0.8813289403915405
     656.4961974649766034       1.0081846760585904
     656.4963975983989712       0.9764775391668081
     656.4965977318212254       1.0475988350808620
     656.4967978652434795       0.9287494197487831
     656.4969979986657336       0.9487252235412598
     656.4971981320881014       1.0516529493033886
     656.4973982655103555       1.0139225665479898
     656.4975983989326096       1.0085944840684533
     656.4977985323548637       0.9451927728950977
     656.4979986657772315       1.0256886314600706
     656.4981987991994856       0.9434740282595158
     656.4983989326217397       1.1228074058890343
     656.4985990660439938       1.0364858470857143
     656.4987991994663616       1.0168639216572046
     656.4989993328886158       1.0562465898692608
     656.4991994663108699       0.9745956361293793
     656.4993995997331240       1.0609053857624531
     656.4995997331554918       1.0513381026685238
     656.4997998665777459       0.9999248524836730
     656.5000000000000000       0.9802207872271538
