     656.2000000000000455       0.9712176267057657
     656.2002001334222996       1.0349344275891781
     656.2004002668445537       0.9797266814857721
     656.2006004002669215       1.0498000569641590
     656.2008005336891756       1.0455238744616508
     656.2010006671114297       0.9805925246328115
     656.2012008005336838       0.9979448651429266
     656.2014009339560516       1.0748153254389763
     656.2016010673783057       1.0426282733678818
     656.2018012008005599       0.9494994096457958
     656.2020013342228140       1.0510477311909199
     656.2022014676451818       0.9910893533378839
     656.2024016010674359       0.9858999485149980
     656.2026017344896900       0.9935360839590430
     656.2028018679119441       1.0227213930338621
     656.2030020013343119       1.0317368209362030
     656.2032021347565660       0.9916974352672696
     656.2034022681788201       1.0577980279922485
     656.2036024016010742       1.0351808033883572
     656.2038025350234420       1.0275939740240574
     656.2040026684456961       0.9955740128643811
     656.2042028018679503       1.0713756978511810
     656.2044029352902044       1.0542889423668385
     656.2046030687125722       1.0610273554921150
     656.2048032021348263       1.0495663098990917
     656.2050033355570804       0.9487841464579105
     656.2052034689793345       0.9388043172657490
     656.2054036024017023       1.0278145708143711
     656.2056037358239564       1.0894099995493889
     656.2058038692462105       1.0588710494339466
     656.2060040026684646       0.9691047389060259
     656.2062041360907187       0.9855839908123016
     656.2064042695130865       1.0314311608672142
     656.2066044029353407       0.9999191095848801
     656.2068045363575948       0.9945160881616175
     656.2070046697798489       1.0626435875892639
     656.2072048032022167       0.9808871913701296
     656.2074049366244708       1.0477027259767056
     656.2076050700467249       0.9530001617968082
     656.2078052034689790       0.9892226662486792
     656.2080053368913468       0.9314156845211983
     656.2082054703136009       0.9506537653505802
     656.2084056037358550       0.9394969455897808
     656.2086057371581092       1.0267358999699354
     656.2088058705804769       1.0499351285398006
     656.2090060040027311       1.0003421699511819
     656.2092061374249852       0.9950001011602581
     656.2094062708472393       1.0217668544501066
     656.2096064042696071       0.9264140203595161
     656.2098065376918612       0.9850263977423310
     656.2100066711141153       1.0396901406347752
     656.2102068045363694       1.0826086327433586
     656.2104069379587372       0.9935465008020401
     656.2106070713809913       1.0040696947835386
     656.2108072048032454       0.9710351843386889
     656.2110073382254996       0.9083547666668892
     656.2112074716477537       1.0405116043984890
     656.2114076050701215       1.0034111912827939
     656.2116077384923756       1.0565603747963905
     656.2118078719146297       0.9427298493683338
     656.2120080053368838       0.9596818014979362
     656.2122081387592516       0.9004855901002884
     656.2124082721815057       1.0535182468593121
     656.2126084056037598       1.0200942251831293
     656.2128085390260139       1.0653935447335243
     656.2130086724483817       1.0091155366972089
     656.2132088058706358       0.9768613651394844
     656.2134089392928900       0.9414960779249668
     656.2136090727151441       0.9711501114070415
     656.2138092061375119       0.9763629902154207
     656.2140093395597660       0.9582221508026123
     656.2142094729820201       1.0196071937680244
     656.2144096064042742       1.1360352486371994
     656.2146097398266420       0.9435677863657475
     656.2148098732488961       1.0605369172990322
     656.2150100066711502       1.0304964371025562
     656.2152101400934043       0.9940603310242295
     656.2154102735157721       0.9958591670729220
     656.2156104069380262       0.9425423368811607
     656.2158105403602804       1.0660412013530731
     656.2160106737825345       1.0920639410614967
     656.2162108072049023       0.9617965556681156
     656.2164109406271564       1.0303419735282660
     656.2166110740494105       1.0092834383249283
     656.2168112074716646       1.0275336839258671
     656.2170113408939187       1.0740491300821304
     656.2172114743162865       1.0573113150894642
     656.2174116077385406       1.0520639009773731
     656.2176117411607947       1.0441548191010952
     656.2178118745830488       1.0514741800725460
     656.2180120080054166       1.0144491139799356
     656.2182121414276708       0.9403921663761139
     656.2184122748499249       0.9967341870069504
     656.2186124082721790       0.9753181450068951
     656.2188125416945468       0.9435525052249432
     656.2190126751168009       0.9692168682813644
     656.2192128085390550       0.9929678589105606
     656.2194129419613091       0.9416033513844013
     656.2196130753836769       1.0202225837856531
     656.2198132088059310       1.0032718074508011
     656.2200133422281851       0.9800655506551266
     656.2202134756504392       1.0686490312218666
     656.2204136090728070       1.1103280708193779
     656.2206137424950612       1.0181569941341877
     656.2208138759173153       1.0002683382190298
     656.2210140093395694       0.8959971889853477
     656.2212141427619372       1.0249199196696281
     656.2214142761841913       1.0681841745972633
     656.2216144096064454       1.0358781814575195
     656.2218145430286995       0.9331530109047890
     656.2220146764509536       0.9843282476067543
     656.2222148098733214       0.9661063067615032
     656.2224149432955755       0.9667303673923016
     656.2226150767178297       1.0782722905278206
     656.2228152101400838       0.9427385143935680
     656.2230153435624516       0.9906307132914662
     656.2232154769847057       1.0521542839705944
     656.2234156104069598       1.0497968457639217
     656.2236157438292139       1.0308491624891758
     656.2238158772515817       1.0048805079422891
     656.2240160106738358       0.9929148852825165
     656.2242161440960899       1.0238263681530952
     656.2244162775183440       1.0674825459718704
     656.2246164109407118       0.9113903269171715
     656.2248165443629659       0.9932674472220242
     656.2250166777852201       0.9560116603970528
     656.2252168112074742       1.0321191623806953
     656.2254169446298420       0.9091840758919716
     656.2256170780520961       1.0216342136263847
     656.2258172114743502       0.9193462878465652
     656.2260173448966043       1.0425984524190426
     656.2262174783189721       1.0140644283965230
     656.2264176117412262       1.0533277206122875
     656.2266177451634803       0.9708103258162737
     656.2268178785857344       1.0615695193409920
     656.2270180120081022       0.9732534755021334
     656.2272181454303563       1.0090841874480247
     656.2274182788526105       0.9870993280783296
     656.2276184122748646       1.0139889959245920
     656.2278185456971187       1.0148065686225891
     656.2280186791194865       1.0197499748319387
     656.2282188125417406       1.0423283614218235
     656.2284189459639947       0.9621176682412624
     656.2286190793862488       0.9987328832503408
     656.2288192128086166       0.9921286003664136
     656.2290193462308707       0.9945490718819201
     656.2292194796531248       0.9787608627229929
     656.2294196130753789       1.0277524385601282
     656.2296197464977467       1.0380917154252529
     656.2298198799200009       0.9330512434244156
     656.2300200133422550       0.9890866158530116
     656.2302201467645091       0.9941317047923803
     656.2304202801868769       1.0108130462467670
     656.2306204136091310       1.0100574791431427
     656.2308205470313851       0.9766606483608484
     656.2310206804536392       0.9646157659590244
     656.2312208138760070       1.0276934709399939
     656.2314209472982611       1.0489938370883465
     656.2316210807205152       0.8963053673505783
     656.2318212141427693       1.0156779009848833
     656.2320213475651371       0.9479834064841270
     656.2322214809873913       1.0715150833129883
     656.2324216144096454       0.9690230339765549
     656.2326217478318995       1.0233739819377661
     656.2328218812541536       0.9799047093838453
     656.2330220146765214       1.0195156037807465
     656.2332221480987755       1.1189430952072144
     656.2334222815210296       1.0390530601143837
     656.2336224149432837       1.0035991531331092
     656.2338225483656515       0.9782190881669521
     656.2340226817879056       1.0403311662375927
     656.2342228152101598       0.9482007026672363
     656.2344229486324139       0.9901913525536656
     656.2346230820547817       0.9528174214065075
     656.2348232154770358       0.9926764494739473
     656.2350233488992899       1.0585438087582588
     656.2352234823215440       1.0314851514995098
     656.2354236157439118       1.0504185333848000
     656.2356237491661659       1.0623308010399342
     656.2358238825884200       1.0326696299016476
     656.2360240160106741       0.9390571452677250
     656.2362241494330419       0.9934776336885989
     656.2364242828552960       1.0437687896192074
     656.2366244162775502       0.8805520385503769
     656.2368245496998043       0.9892482766881585
     656.2370246831221721       1.0893675610423088
     656.2372248165444262       0.9911941010504961
     656.2374249499666803       0.9442341066896915
     656.2376250833889344       0.9815609138458967
     656.2378252168113022       1.0419593863189220
     656.2380253502335563       0.9598815850913525
     656.2382254836558104       0.9477910697460175
     656.2384256170780645       1.0247333981096745
     656.2386257505003186       0.9782922323793173
     656.2388258839226864       1.0281957145780325
     656.2390260173449406       1.0523726902902126
     656.2392261507671947       1.0384521819651127
     656.2394262841894488       1.0377830192446709
     656.2396264176118166       0.9811419919133186
     656.2398265510340707       1.0083044832572341
     656.2400266844563248       0.9525524936616421
     656.2402268178785789       1.0667166337370872
     656.2404269513009467       0.8988730162382126
     656.2406270847232008       0.9716281052678823
     656.2408272181454549       1.0330489464104176
     656.2410273515677090       0.9310501292347908
     656.2412274849900768       0.9349659457802773
     656.2414276184123310       0.9913926664739847
     656.2416277518345851       1.0157236810773611
     656.2418278852568392       0.9171328023076057
     656.2420280186792070       1.0056810146197677
     656.2422281521014611       1.0162045359611511
     656.2424282855237152       1.0226320922374725
     656.2426284189459693       0.9358532652258873
     656.2428285523683371       1.0169941224157810
     656.2430286857905912       0.9997740921826335
     656.2432288192128453       1.0268670003861189
     656.2434289526350994       0.9435764290392399
     656.2436290860574672       0.9759550709277391
     656.2438292194797214       0.9388123936951160
     656.2440293529019755       1.0262219756841660
     656.2442294863242296       1.0267992652952671
     656.2444296197464837       1.0539839677512646
     656.2446297531688515       0.9809456635266542
     656.2448298865911056       0.9856873154640198
     656.2450300200133597       1.0157626625150442
     656.2452301534356138       1.0031097978353500
     656.2454302868579816       0.9298434183001518
     656.2456304202802357       0.9546551145613194
     656.2458305537024899       1.0326386280357838
     656.2460306871247440       1.0928246304392815
     656.2462308205471118       1.0514599867165089
     656.2464309539693659       1.0405665412545204
     656.2466310873916200       1.0006072521791793
     656.2468312208138741       0.9556267969310284
     656.2470313542362419       0.8878200128674507
     656.2472314876584960       1.0267426073551178
     656.2474316210807501       1.0237475689500570
     656.2476317545030042       1.0592105872929096
     656.2478318879253720       1.0294791106134653
     656.2480320213476261       1.0282858554273844
     656.2482321547698803       1.0198504459112883
     656.2484322881921344       1.0225064232945442
     656.2486324216145022       1.0889337435364723
     656.2488325550367563       1.0239515956491232
     656.2490326884590104       1.0605496540665627
     656.2492328218812645       0.9560844935476780
     656.2494329553035186       1.0346769206225872
     656.2496330887258864       0.9647115319967270
     656.2498332221481405       1.0525270365178585
     656.2500333555703946       1.0729015097022057
     656.2502334889926487       0.9748328290879726
     656.2504336224150165       0.9334859624505043
     656.2506337558372707       0.9586915336549282
     656.2508338892595248       0.9986568611348048
     656.2510340226817789       1.0151876499876380
     656.2512341561041467       0.9753474555909634
     656.2514342895264008       0.9925052835606039
     656.2516344229486549       1.0626411139965057
     656.2518345563709090       1.0085171302780509
     656.2520346897932768       1.0308650378137827
     656.2522348232155309       1.0119203617796302
     656.2524349566377850       0.9453814961016178
     656.2526350900600391       1.0067323893308640
     656.2528352234824069       0.8806789293885231
     656.2530353569046611       0.9943060060031712
     656.2532354903269152       1.0578689873218536
     656.2534356237491693       1.0521732941269875
     656.2536357571715371       0.9932694253511727
     656.2538358905937912       1.0088442265987396
     656.2540360240160453       1.0699509009718895
     656.2542361574382994       0.9357583299279213
     656.2544362908606672       1.0287672579288483
     656.2546364242829213       0.9488762356340885
     656.2548365577051754       0.9478557743132114
     656.2550366911274295       0.9452971033751965
     656.2552368245496837       0.9972846293821931
     656.2554369579720515       0.9359383285045624
     656.2556370913943056       1.0208284184336662
     656.2558372248165597       1.0016279343981296
     656.2560373582388138       0.9539195746183395
     656.2562374916611816       0.9729827791452408
     656.2564376250834357       1.0076762954704463
     656.2566377585056898       1.0866393521428108
     656.2568378919279439       0.9149994030594826
     656.2570380253503117       0.9964993952307850
     656.2572381587725658       1.0122355027124286
     656.2574382921948200       0.9915648987516761
     656.2576384256170741       0.9782996866852045
     656.2578385590394419       1.0207858048379421
     656.2580386924616960       1.0252879541367292
     656.2582388258839501       0.9613026566803455
     656.2584389593062042       0.9494379572570324
     656.2586390927285720       1.0032765027135611
     656.2588392261508261       0.9581206887960434
     656.2590393595730802       1.0057508614845574
     656.2592394929953343       1.0110714994370937
     656.2594396264177021       0.9327115267515182
     656.2596397598399562       1.0037873808760196
     656.2598398932622104       1.0343651436269283
     656.2600400266844645       0.9457528628408909
     656.2602401601067186       1.0042786225676537
     656.2604402935290864       0.9420473165810108
     656.2606404269513405       1.0741192549467087
     656.2608405603735946       0.9969724570401013
     656.2610406937958487       0.9682039283216000
     656.2612408272182165       1.0282660927623510
     656.2614409606404706       0.9921168042346835
     656.2616410940627247       1.0125767486169934
     656.2618412274849788       1.0065221111290157
     656.2620413609073466       1.0279515571892262
     656.2622414943296008       1.0559197030961514
     656.2624416277518549       1.0027020478155464
     656.2626417611741090       0.9232389032840729
     656.2628418945964768       0.8941492810845375
     656.2630420280187309       0.9749475028365850
     656.2632421614409850       1.0049222870729864
     656.2634422948632391       0.9659109860658646
     656.2636424282856069       1.0114887328818440
     656.2638425617078610       0.9295006990432739
     656.2640426951301151       0.9423845633864403
     656.2642428285523692       0.9140352532267570
     656.2644429619747370       1.0190957114100456
     656.2646430953969912       1.0110500277951360
     656.2648432288192453       1.0695023983716965
     656.2650433622414994       0.9767745863646269
     656.2652434956638672       0.9737061765044928
     656.2654436290861213       0.9267701059579849
     656.2656437625083754       0.9697635471820831
     656.2658438959306295       0.9420471712946892
     656.2660440293528836       1.0194663386791945
     656.2662441627752514       0.9824009332805872
     656.2664442961975055       0.9800727423280478
     656.2666444296197596       0.9488234147429466
     656.2668445630420138       0.9863839251920581
     656.2670446964643816       1.0260840486735106
     656.2672448298866357       0.9731427691876888
     656.2674449633088898       0.9522247947752476
     656.2676450967311439       1.0063065397553146
     656.2678452301535117       1.0333983413875103
     656.2680453635757658       0.9086998999118805
     656.2682454969980199       0.9630353488028049
     656.2684456304202740       0.9967583178076893
     656.2686457638426418       1.0202467367053032
     656.2688458972648959       1.0021476596593857
     656.2690460306871501       0.9788534529507160
     656.2692461641094042       0.9846401857212186
     656.2694462975317720       1.0372192673385143
     656.2696464309540261       1.0583208575844765
     656.2698465643762802       0.9065606296062469
     656.2700466977985343       0.9774634167551994
     656.2702468312209021       1.0424120910465717
     656.2704469646431562       0.9840585831552744
     656.2706470980654103       1.0149970594793558
     656.2708472314876644       1.0066347490064800
     656.2710473649099185       0.9636634029448032
     656.2712474983322863       1.0206394251435995
     656.2714476317545405       1.0021524692419916
     656.2716477651767946       1.0492185316979885
     656.2718478985990487       1.0166463740170002
     656.2720480320214165       0.9245759472250938
     656.2722481654436706       0.9952173945493996
     656.2724482988659247       1.0099530024453998
     656.2726484322881788       1.0186199173331261
     656.2728485657105466       0.9918091613799334
     656.2730486991328007       0.9885847307741642
     656.2732488325550548       0.9888765988871455
     656.2734489659773089       1.0255846083164215
     656.2736490993996767       0.9944628104567528
     656.2738492328219309       0.9954324089922011
     656.2740493662441850       0.9741417970508337
     656.2742494996664391       1.0467689782381058
     656.2744496330888069       0.9369086623191833
     656.2746497665110610       0.9097723811864853
     656.2748498999333151       1.0092452941462398
     656.2750500333555692       0.9211461469531059
     656.2752501667779370       1.0785195901989937
     656.2754503002001911       1.0780824795365334
     656.2756504336224452       0.9826384596526623
     656.2758505670446993       1.0017600021092221
     656.2760507004670671       1.0396022461354733
     656.2762508338893213       1.0037755183875561
     656.2764509673115754       1.0039685009978712
     656.2766511007338295       0.9551117010414600
     656.2768512341560836       1.0886703878641129
     656.2770513675784514       0.9005583375692368
     656.2772515010007055       1.0216814111918211
     656.2774516344229596       1.0487297587096691
     656.2776517678452137       0.9156654253602028
     656.2778519012675815       0.9750010352581739
     656.2780520346898356       0.9000203460454941
     656.2782521681120897       0.9911904837936163
     656.2784523015343439       0.9490600228309631
     656.2786524349567117       0.9737029094249010
     656.2788525683789658       0.9352198541164398
     656.2790527018012199       1.0349354408681393
     656.2792528352234740       1.0648226737976074
     656.2794529686458418       1.0579933337867260
     656.2796531020680959       0.9581482894718647
     656.2798532354903500       1.0019335519755259
     656.2800533689126041       1.0025143385864794
     656.2802535023349719       1.1134159341454506
     656.2804536357572260       0.9049931243062019
     656.2806537691794802       0.8981444090604782
     656.2808539026017343       1.0498683117330074
     656.2810540360241021       0.9719853494316339
     656.2812541694463562       1.0315011255443096
     656.2814543028686103       1.0315230563282967
     656.2816544362908644       0.9955834764987230
     656.2818545697131185       0.9616418294608593
     656.2820547031354863       0.9591543786227703
     656.2822548365577404       0.9687730222940445
     656.2824549699799945       1.0240617897361517
     656.2826551034022486       0.9876401964575052
     656.2828552368246164       1.0098757846280932
     656.2830553702468706       0.9797037225216627
     656.2832555036691247       0.9548793509602547
     656.2834556370913788       1.0129585312679410
     656.2836557705137466       0.9965691324323416
     656.2838559039360007       1.0190065894275904
     656.2840560373582548       1.0304629001766443
     656.2842561707805089       0.9807137250900269
     656.2844563042028767       0.9956027865409851
     656.2846564376251308       0.9668255187571049
     656.2848565710473849       0.9783808756619692
     656.2850567044696390       0.9320132732391357
     656.2852568378920068       0.9960028068162501
     656.2854569713142610       1.0150412861257792
     656.2856571047365151       1.0165668036788702
     656.2858572381587692       0.9809310380369425
     656.2860573715811370       1.0811049491167068
     656.2862575050033911       0.9774938896298409
     656.2864576384256452       0.9810707010328770
     656.2866577718478993       1.0691573172807693
     656.2868579052702671       0.9705016370862722
     656.2870580386925212       0.9518532343208790
     656.2872581721147753       1.0039924234151840
     656.2874583055370294       1.0162779800593853
     656.2876584389592836       1.0826953575015068
     656.2878585723816514       0.9657155945897102
     656.2880587058039055       1.0076597244478762
     656.2882588392261596       1.0288088228553534
     656.2884589726484137       0.9369154125452042
     656.2886591060707815       0.9143304601311684
     656.2888592394930356       1.0110028795897961
     656.2890593729152897       1.0269580874592066
     656.2892595063375438       1.0763617083430290
     656.2894596397599116       1.0060181529261172
     656.2896597731821657       1.0525986067950726
     656.2898599066044198       0.9955715998075902
     656.2900600400266740       0.9667585417628288
     656.2902601734490418       1.0180707257241011
     656.2904603068712959       0.9812760110944510
     656.2906604402935500       0.9881215449422598
     656.2908605737158041       0.9954438391141593
     656.2910607071381719       1.0103754205629230
     656.2912608405604260       1.0370181314647198
     656.2914609739826801       1.0257580336183310
     656.2916611074049342       1.0041554621420801
     656.2918612408273020       0.9547560289502144
     656.2920613742495561       1.0309521798044443
     656.2922615076718103       1.0756867676973343
     656.2924616410940644       0.9764233864843845
     656.2926617745164322       0.9225893020629883
     656.2928619079386863       1.0097954021766782
     656.2930620413609404       1.0284874439239502
     656.2932621747831945       0.9547926373779774
     656.2934623082054486       1.0032753923442215
     656.2936624416278164       0.8760520592331886
     656.2938625750500705       1.0181821063160896
     656.2940627084723246       0.9536153785884380
     656.2942628418945787       0.9964664406143129
     656.2944629753169465       0.9961616781074554
     656.2946631087392007       0.9684703499078751
     656.2948632421614548       1.0308147016912699
     656.2950633755837089       1.0296605527400970
     656.2952635090060767       0.9921523723751307
     656.2954636424283308       1.0486206226050854
     656.2956637758505849       1.0107700126245618
     656.2958639092728390       1.1140462979674339
     656.2960640426952068       1.0478963628411293
     656.2962641761174609       0.9987979751313105
     656.2964643095397150       0.9919632598757744
     656.2966644429619691       1.0568406172096729
     656.2968645763843369       1.0430190898478031
     656.2970647098065911       0.9656916074454784
     656.2972648432288452       1.0128105422481894
     656.2974649766510993       1.0282418318092823
     656.2976651100734671       1.0211313534528017
     656.2978652434957212       1.0030590081587434
     656.2980653769179753       0.9554602466523647
     656.2982655103402294       0.9229364618659019
     656.2984656437624835       0.9434367455542088
     656.2986657771848513       0.9940969482995570
     656.2988659106071054       1.0225619804114103
     656.2990660440293595       1.0473823361098766
     656.2992661774516137       1.0440679825842381
     656.2994663108739815       1.0069067524746060
     656.2996664442962356       0.9311501681804657
     656.2998665777184897       1.0242196097970009
     656.3000667111407438       1.0291681271046400
     656.3002668445631116       1.0370074249804020
     656.3004669779853657       0.9567752778530121
     656.3006671114076198       0.9952680817805231
     656.3008672448298739       1.0716147646307945
     656.3010673782522417       1.0587010271847248
     656.3012675116744958       0.9974518849048764
     656.3014676450967499       1.0079852649942040
     656.3016677785190041       1.0237565170973539
     656.3018679119413719       1.0471544861793518
     656.3020680453636260       0.9773218743503094
     656.3022681787858801       0.9369492754340172
     656.3024683122081342       1.1581832319498062
     656.3026684456305020       0.9379017241299152
     656.3028685790527561       0.9494425356388092
     656.3030687124750102       0.9128897935152054
     656.3032688458972643       0.9190696179866791
     656.3034689793196321       1.0393996909260750
     656.3036691127418862       1.0152199789881706
     656.3038692461641403       0.9801280032843351
     656.3040693795863945       0.9450362138450146
     656.3042695130086486       1.0021086693741381
     656.3044696464310164       1.0243430193513632
     656.3046697798532705       1.0827310830354691
     656.3048699132755246       1.0685375183820724
     656.3050700466977787       1.0036626544315368
     656.3052701801201465       1.0462695844471455
     656.3054703135424006       0.9134030714631081
     656.3056704469646547       0.9684406146407127
     656.3058705803869088       1.0163791533559561
     656.3060707138092766       1.0143469823524356
     656.3062708472315308       0.9484851472079754
     656.3064709806537849       1.0259700510650873
     656.3066711140760390       1.0623076856136322
     656.3068712474984068       0.9636262245476246
     656.3070713809206609       0.9703433178365231
     656.3072715143429150       0.9227303564548492
     656.3074716477651691       1.0857833251357079
     656.3076717811875369       0.9739459063857794
     656.3078719146097910       0.9594496674835682
     656.3080720480320451       0.9599447287619114
     656.3082721814542992       1.0365149863064289
     656.3084723148766670       1.0592431202530861
     656.3086724482989212       0.9222751036286354
     656.3088725817211753       1.0121202692389488
     656.3090727151434294       0.8912395313382149
     656.3092728485656835       1.0419283024966717
     656.3094729819880513       0.9946095757186413
     656.3096731154103054       0.9859334332868457
     656.3098732488325595       1.0235161148011684
     656.3100733822548136       1.0288878325372934
     656.3102735156771814       1.0471249222755432
     656.3104736490994355       0.9785280004143715
     656.3106737825216896       0.9732178952544928
     656.3108739159439438       1.0233973059803247
     656.3110740493663116       1.0498548410832882
     656.3112741827885657       1.0289448294788599
     656.3114743162108198       0.9965738758910447
     656.3116744496330739       0.9918901911005378
     656.3118745830554417       1.0436238013207912
     656.3120747164776958       0.9178128764033318
     656.3122748498999499       1.0346210598945618
     656.3124749833222040       0.9794943295419216
     656.3126751167445718       1.0801017209887505
     656.3128752501668259       1.0087513532489538
     656.3130753835890800       0.9542209282517433
     656.3132755170113342       0.9302950426936150
     656.3134756504337020       1.0213625337928534
     656.3136757838559561       1.0070580788888037
     656.3138759172782102       0.9663910157978535
     656.3140760507004643       1.0328781120479107
     656.3142761841228321       0.9485776722431183
     656.3144763175450862       1.0302951131016016
     656.3146764509673403       1.0260197222232819
     656.3148765843895944       0.9144942685961723
     656.3150767178118485       1.0530172549188137
     656.3152768512342163       1.0075435088947415
     656.3154769846564704       0.9778953418135643
     656.3156771180787246       1.0491620488464832
     656.3158772515009787       1.0148379728198051
     656.3160773849233465       0.9500422291457653
     656.3162775183456006       0.9618022143840790
     656.3164776517678547       0.8888427019119263
     656.3166777851901088       1.0229100417345762
     656.3168779186124766       1.0471651963889599
     656.3170780520347307       0.9659521579742432
     656.3172781854569848       1.0013382562901825
     656.3174783188792389       1.0597745738923550
     656.3176784523016067       1.0177712235599756
     656.3178785857238609       0.9515597671270370
     656.3180787191461150       1.0085473647341132
     656.3182788525683691       0.9668106064200401
     656.3184789859907369       1.0245478693395853
     656.3186791194129910       1.0070127560757101
     656.3188792528352451       0.9813317600637674
     656.3190793862574992       0.9729387518018484
     656.3192795196798670       1.0523828044533730
     656.3194796531021211       0.9785797670483589
     656.3196797865243752       0.9886517655104399
     656.3198799199466293       1.0212264563888311
     656.3200800533688835       0.9512585140764713
     656.3202801867912513       1.0096006421372294
     656.3204803202135054       0.9624346308410168
     656.3206804536357595       0.9094040691852570
     656.3208805870580136       1.0519701316952705
     656.3210807204803814       0.9698408711701632
     656.3212808539026355       0.9881449425593019
     656.3214809873248896       0.9930315255187452
     656.3216811207471437       0.9718144256621599
     656.3218812541695115       0.9996778653294314
     656.3220813875917656       1.0695390552282333
     656.3222815210140197       0.9688495099544525
     656.3224816544362739       0.9299774542450905
     656.3226817878586417       1.0528342686593533
     656.3228819212808958       0.9814345482736826
     656.3230820547031499       1.0206772331148386
     656.3232821881254040       0.9655565395951271
     656.3234823215477718       1.0568285994231701
     656.3236824549700259       0.9579633362591267
     656.3238825883922800       0.9799394868314266
     656.3240827218145341       0.9671802632510662
     656.3242828552369019       1.0785306915640831
     656.3244829886591560       0.9482824318110943
     656.3246831220814101       1.0017785523086786
     656.3248832555036643       1.0188311394304037
     656.3250833889260321       1.0605056546628475
     656.3252835223482862       0.9950418770313263
     656.3254836557705403       0.9565865024924278
     656.3256837891927944       0.9334667101502419
     656.3258839226150485       1.0332247056066990
     656.3260840560374163       0.9541386328637600
     656.3262841894596704       0.9579988941550255
     656.3264843228819245       0.9413032345473766
     656.3266844563041786       1.0293167326599360
     656.3268845897265464       1.0322951711714268
     656.3270847231488005       0.9427386038005352
     656.3272848565710547       1.0254728626459837
     656.3274849899933088       1.0111628891900182
     656.3276851234156766       1.0304778907448053
     656.3278852568379307       1.0918214023113251
     656.3280853902601848       0.9971253259573132
     656.3282855236824389       1.0574756227433681
     656.3284856571048067       0.9743370208889246
     656.3286857905270608       1.0204175245016813
     656.3288859239493149       1.0141731295734644
     656.3290860573715690       1.0277621950954199
     656.3292861907939368       1.0840533673763275
     656.3294863242161910       1.0461020655930042
     656.3296864576384451       1.0380626842379570
     656.3298865910606992       0.9786402992904185
     656.3300867244830670       0.9357802718877790
     656.3302868579053211       1.0160479191690681
     656.3304869913275752       1.0059609459713097
     656.3306871247498293       1.0618500597774978
     656.3308872581721971       1.0539495050907126
     656.3310873915944512       1.0275763105601059
     656.3312875250167053       0.9670236594974975
     656.3314876584389594       1.0138094155117838
     656.3316877918612136       0.9671916626393749
     656.3318879252835814       1.0440891236066752
     656.3320880587058355       0.9830122385173936
     656.3322881921280896       0.9506619870662542
     656.3324883255503437       0.9956917897797903
     656.3326884589727115       1.0915002003311791
     656.3328885923949656       1.0453182905911929
     656.3330887258172197       0.9820664264261035
     656.3332888592394738       1.0353114157914112
     656.3334889926618416       0.9955066037362845
     656.3336891260840957       1.0632507205007342
     656.3338892595063498       1.0019163715184392
     656.3340893929286040       1.0537030808623173
     656.3342895263509718       0.9323712810867600
     656.3344896597732259       1.0075796507289769
     656.3346897931954800       1.0269256141023591
     656.3348899266177341       0.9864590121414321
     656.3350900600401019       0.9896358260858036
     656.3352901934623560       1.0457975231072849
     656.3354903268846101       0.8936918228810444
     656.3356904603068642       1.0290210228336565
     656.3358905937292320       0.9449474811445516
     656.3360907271514861       1.0225277505662256
     656.3362908605737402       0.9986942071485774
     656.3364909939959944       0.8575969487127706
     656.3366911274182485       1.0291717499073720
     656.3368912608406163       1.0173089540907871
     656.3370913942628704       0.9854360976371085
     656.3372915276851245       1.0399580261467976
     656.3374916611073786       1.0315353794316999
     656.3376917945297464       0.9697418303856188
     656.3378919279520005       1.0869254094357976
     656.3380920613742546       0.9631710197401098
     656.3382921947965087       0.9586673596841441
     656.3384923282188765       0.8536783747141722
     656.3386924616411306       0.9949956972849159
     656.3388925950633848       1.0372712150862891
     656.3390927284856389       0.9481692592829172
     656.3392928619080067       1.0137675946475546
     656.3394929953302608       1.0225509742318639
     656.3396931287525149       1.0520225119671061
     656.3398932621747690       0.9920903836687917
     656.3400933955971368       1.0526808079317904
     656.3402935290193909       1.0248324607502928
     656.3404936624416450       1.0886170338843115
     656.3406937958638991       0.9298963567133410
     656.3408939292862669       0.9963184961236474
     656.3410940627085211       0.9970864166554895
     656.3412941961307752       0.9628690159401100
     656.3414943295530293       1.0803351378402657
     656.3416944629753971       0.9127972876374691
     656.3418945963976512       0.9095982363919295
     656.3420947298199053       1.0015397073415842
     656.3422948632421594       0.9797595337382342
     656.3424949966644135       1.0437203852590851
     656.3426951300867813       0.9931123869552577
     656.3428952635090354       1.0178780276888970
     656.3430953969312895       0.9332991039933903
     656.3432955303535437       0.9692517782091389
     656.3434956637759115       1.0365556768156075
     656.3436957971981656       0.9793613475785418
     656.3438959306204197       0.9851573615053013
     656.3440960640426738       0.9488460344636791
     656.3442961974650416       0.9547606679347449
     656.3444963308872957       1.0146602973152334
     656.3446964643095498       1.0449170469476321
     656.3448965977318039       1.0002856409054788
     656.3450967311541717       0.9501748605633924
     656.3452968645764258       0.9936605780220061
     656.3454969979986799       0.9822203068870260
     656.3456971314209341       1.0080513775908726
     656.3458972648433019       1.0067105595051147
     656.3460973982655560       1.0432592221633730
     656.3462975316878101       0.9807178196639618
     656.3464976651100642       0.9585733971315564
     656.3466977985324320       0.9893720828275949
     656.3468979319546861       1.0008920430080819
     656.3470980653769402       1.0126505965523012
     656.3472981987991943       1.0441828086402154
     656.3474983322214484       0.9767634264031558
     656.3476984656438162       1.0947794514467983
     656.3478985990660703       1.0280683489213640
     656.3480987324883245       1.0700663911717356
     656.3482988659105786       1.0527737793684624
     656.3484989993329464       1.0715392975239668
     656.3486991327552005       1.0162622684940015
     656.3488992661774546       1.0169453760582430
     656.3490993995997087       0.9321753060463615
     656.3492995330220765       0.9621276481013331
     656.3494996664443306       1.0574734468933256
     656.3496997998665847       1.0577774070884449
     656.3498999332888388       0.9361214333805276
     656.3501000667112066       1.0479524925120307
     656.3503002001334607       1.0628228084702331
     656.3505003335557149       1.0097013268335053
     656.3507004669779690       1.0464951657649686
     656.3509006004003368       0.9911671123779384
     656.3511007338225909       0.9793694238805082
     656.3513008672448450       1.0037550028416140
     656.3515010006670991       0.9592699767401410
     656.3517011340894669       0.9729097120652743
     656.3519012675117210       1.0084922140381458
     656.3521014009339751       0.9397589606069717
     656.3523015343562292       1.0132689999994828
     656.3525016677785970       0.9711434264315142
     656.3527018012008512       1.0397258466696231
     656.3529019346231053       0.9303773420536149
     656.3531020680453594       0.9681255888097891
     656.3533022014676135       0.9478694460421542
     656.3535023348899813       1.0652719593974771
     656.3537024683122354       1.0359069428600876
     656.3539026017344895       1.0553750531528570
     656.3541027351567436       1.0116734015587792
     656.3543028685791114       0.9520903221218284
     656.3545030020013655       0.9403538120294744
     656.3547031354236196       1.0344695984873695
     656.3549032688458738       0.9632153989403655
     656.3551034022682416       1.0555428325958245
     656.3553035356904957       1.0127936191157629
     656.3555036691127498       1.0056160479640512
     656.3557038025350039       0.9272374411084356
     656.3559039359573717       0.9591029064747560
     656.3561040693796258       0.9168784817107847
     656.3563042028018799       0.9882737425125997
     656.3565043362241340       0.9398658290177848
     656.3567044696465018       0.9178969070376570
     656.3569046030687559       0.9683760795492160
     656.3571047364910100       1.0151407315704049
     656.3573048699132642       0.9694400054359652
     656.3575050033356320       0.8770133675701751
     656.3577051367578861       0.8519688703877444
     656.3579052701801402       0.8576715327208250
     656.3581054036023943       0.8378925839999170
     656.3583055370246484       0.9174957258945692
     656.3585056704470162       0.9031337708605796
     656.3587058038692703       0.8983514029849070
     656.3589059372915244       0.9157580631322891
     656.3591060707137785       0.9584505059267715
     656.3593062041361463       0.9066406619428656
     656.3595063375584004       0.9619857084235155
     656.3597064709806546       0.9336193539173203
     656.3599066044029087       0.8208312900443095
     656.3601067378252765       0.8284537487548234
     656.3603068712475306       0.8978980111190790
     656.3605070046697847       0.8049984197724440
     656.3607071380920388       0.7555507411077039
     656.3609072715144066       0.7833619656041200
     656.3611074049366607       0.8284999790307451
     656.3613075383589148       0.9096666046012216
     656.3615076717811689       0.8651485231993754
     656.3617078052035367       0.8824612946001325
     656.3619079386257908       0.7353468995514079
     656.3621080720480450       0.8104559700148890
     656.3623082054702991       0.8374667783541103
     656.3625083388926669       0.8771594856270832
     656.3627084723149210       0.7209689479780574
     656.3629086057371751       0.8493874463829355
     656.3631087391594292       0.7857534529021173
     656.3633088725817970       0.7835005204511690
     656.3635090060040511       0.8822919707258605
     656.3637091394263052       0.7032765641758246
     656.3639092728485593       0.8412045864323796
     656.3641094062708135       0.8149415781576329
     656.3643095396931813       0.8433401085280017
     656.3645096731154354       0.8060768456402274
     656.3647098065376895       0.7465479025355348
     656.3649099399599436       0.8799960792286456
     656.3651100733823114       0.8520332275636069
     656.3653102068045655       0.8201387966470648
     656.3655103402268196       0.8259992369943487
     656.3657104736490737       0.7542853654607151
     656.3659106070714415       0.9207040096145054
     656.3661107404936956       0.8791057408843245
     656.3663108739159497       0.8702363237239468
     656.3665110073382039       0.8336525544968658
     656.3667111407605717       0.8875493614412934
     656.3669112741828258       0.8384540373667269
     656.3671114076050799       0.8050799788124773
     656.3673115410273340       0.8950459138210706
     656.3675116744497018       0.9102659085171784
     656.3677118078719559       0.9200509763918570
     656.3679119412942100       0.8011099376675166
     656.3681120747164641       0.9534500472366858
     656.3683122081388319       0.9133509251102278
     656.3685123415610860       0.9229363751554945
     656.3687124749833401       0.9330201259797365
     656.3689126084055943       0.9304706048735770
     656.3691127418278484       1.0138031722388856
     656.3693128752502162       0.9469937131863848
     656.3695130086724703       0.9965506475929409
     656.3697131420947244       0.9485367982976016
     656.3699132755169785       0.9638570621030642
     656.3701134089393463       0.9556317065754241
     656.3703135423616004       0.9940874514380758
     656.3705136757838545       0.9231550141158447
     656.3707138092061086       0.8901808841550233
     656.3709139426284764       0.9420001238652571
     656.3711140760507305       0.9498057930422625
     656.3713142094729847       0.9538530790357282
     656.3715143428952388       0.9775725381954952
     656.3717144763176066       0.9397894887186070
     656.3719146097398607       1.0184324647398950
     656.3721147431621148       1.0498097979146925
     656.3723148765843689       0.9262849609200772
     656.3725150100067367       0.9832164026250944
     656.3727151434289908       0.9404376638656144
     656.3729152768512449       0.9783730146051819
     656.3731154102734990       1.0247031897159338
     656.3733155436958668       1.0075437332006316
     656.3735156771181209       1.0206587555247006
     656.3737158105403751       1.0444330352063256
     656.3739159439626292       1.0136921866573316
     656.3741160773849970       1.0255377976280489
     656.3743162108072511       1.0221942061834270
     656.3745163442295052       0.9831861096796559
     656.3747164776517593       1.0317346598436303
     656.3749166110740134       0.9242356431428914
     656.3751167444963812       0.9717086590208052
     656.3753168779186353       0.9969883597566397
     656.3755170113408894       1.0203177877888552
     656.3757171447631436       1.0186313344853706
     656.3759172781855113       0.9091913843238539
     656.3761174116077655       0.9765813911225836
     656.3763175450300196       1.0321178357470819
     656.3765176784522737       1.0229265558131155
     656.3767178118746415       0.9827672471443399
     656.3769179452968956       1.0071469001508957
     656.3771180787191497       1.0728162127125995
     656.3773182121414038       1.0304337379029862
     656.3775183455637716       1.0835406531081508
     656.3777184789860257       1.0097652999041382
     656.3779186124082798       1.0098668535098239
     656.3781187458305340       0.9574043352107168
     656.3783188792529018       1.0135903173368594
     656.3785190126751559       0.9579424491091948
     656.3787191460974100       1.0885996971048200
     656.3789192795196641       1.0229943696839263
     656.3791194129420319       0.9688433824429249
     656.3793195463642860       1.0151227545182788
     656.3795196797865401       0.9954458154875224
     656.3797198132087942       0.9496936470935516
     656.3799199466311620       0.9480301519752947
     656.3801200800534161       0.9740612029758157
     656.3803202134756702       1.1314347935985243
     656.3805203468979244       0.9459043266323655
     656.3807204803201785       0.8798418107319717
     656.3809206137425463       0.9631407872436339
     656.3811207471648004       1.0387108698097047
     656.3813208805870545       0.9909793642557360
     656.3815210140093086       1.0728593290024655
     656.3817211474316764       0.9877544603376690
     656.3819212808539305       0.9498438510145280
     656.3821214142761846       1.0292162692683910
     656.3823215476984387       0.9631342173386480
     656.3825216811208065       1.1074452584918233
     656.3827218145430606       1.0251396248879048
     656.3829219479653148       0.9834453080861599
     656.3831220813875689       1.0664582242209335
     656.3833222148099367       1.0173198535608454
     656.3835223482321908       0.9112771963953069
     656.3837224816544449       1.0716144286670652
     656.3839226150766990       1.0941006825212132
     656.3841227484990668       1.0639660019667416
     656.3843228819213209       1.0820605719374141
     656.3845230153435750       0.9881142252882814
     656.3847231487658291       1.0712493139223662
     656.3849232821881969       1.0763556157055199
     656.3851234156104510       0.9876255776135924
     656.3853235490327052       1.0275149198017688
     656.3855236824549593       0.9573650355893403
     656.3857238158772134       1.1041002155368940
     656.3859239492995812       0.9572615886903402
     656.3861240827218353       0.9384806743990798
     656.3863242161440894       0.9455387483401558
     656.3865243495663435       0.9486553373129184
     656.3867244829887113       0.9925924518153149
     656.3869246164109654       1.0187141498887429
     656.3871247498332195       0.9483897640517597
     656.3873248832554737       0.9296440671894917
     656.3875250166778414       1.0776021008528707
     656.3877251501000956       0.9409525785760811
     656.3879252835223497       1.0295923282762409
     656.3881254169446038       0.9992339451466133
     656.3883255503669716       0.9553641110783856
     656.3885256837892257       1.0123426359378676
     656.3887258172114798       1.0044337344174747
     656.3889259506337339       0.9481028911609602
     656.3891260840561017       1.0198632383519297
     656.3893262174783558       1.0015252873671185
     656.3895263509006099       0.9538181981856440
     656.3897264843228641       0.9107940419731908
     656.3899266177452319       0.9999813753662793
     656.3901267511674860       1.0514414198296800
     656.3903268845897401       0.9475603438628003
     656.3905270180119942       0.9743372164462837
     656.3907271514343620       0.9680673852417928
     656.3909272848566161       0.9838116112993610
     656.3911274182788702       1.0264790486471567
     656.3913275517011243       1.0839624926396469
     656.3915276851233784       0.8644127696716352
     656.3917278185457462       1.0886906608913745
     656.3919279519680003       1.0525498986226385
     656.3921280853902545       1.0692596659051841
     656.3923282188125086       0.9783481638869902
     656.3925283522348764       1.0336778312915484
     656.3927284856571305       0.9519623778756244
     656.3929286190793846       0.9787904061374150
     656.3931287525016387       0.9997594003359882
     656.3933288859240065       0.9646549485622459
     656.3935290193462606       1.0046943351625450
     656.3937291527685147       1.0085667762904711
     656.3939292861907688       1.0070907599292251
     656.3941294196131366       0.9804020430892404
     656.3943295530353907       0.9440463483333382
     656.3945296864576449       1.0222419109195333
     656.3947298198798990       1.0048626600764599
     656.3949299533022668       1.0395755358040271
     656.3951300867245209       1.0254649408161596
     656.3953302201467750       0.9302810132503481
     656.3955303535690291       0.9660503864288311
     656.3957304869913969       0.9728349801152931
     656.3959306204136510       0.9939125869423142
     656.3961307538359051       0.9248052015900606
     656.3963308872581592       1.0562908723950382
     656.3965310206804133       0.9758764598518608
     656.3967311541027811       0.9928723988123237
     656.3969312875250353       1.0526720993220806
     656.3971314209472894       1.0465286225080490
     656.3973315543695435       0.9924224307760596
     656.3975316877919113       0.8523439317941666
     656.3977318212141654       1.0182186495512724
     656.3979319546364195       1.0380746163427830
     656.3981320880586736       0.9539912194013596
     656.3983322214810414       0.9492263682186604
     656.3985323549032955       0.9996580966981128
     656.3987324883255496       0.9622494429349899
     656.3989326217478038       0.9757519457489252
     656.3991327551701715       0.9926623501814902
     656.3993328885924257       0.9648459814488888
     656.3995330220146798       0.8931527808308601
     656.3997331554369339       1.0433222986757755
     656.3999332888593017       1.0318814329802990
     656.4001334222815558       1.0636549144983292
     656.4003335557038099       1.0075576337985694
     656.4005336891260640       1.0414061360061169
     656.4007338225484318       1.0011675873538479
     656.4009339559706859       0.9624821469187737
     656.4011340893929400       0.9712701756507158
     656.4013342228151942       1.0558267608284950
     656.4015343562375620       0.9357505664229393
     656.4017344896598161       0.9662578739225864
     656.4019346230820702       0.9614548012614250
     656.4021347565043243       1.0833135768771172
     656.4023348899265784       1.0073603130877018
     656.4025350233489462       1.0241143759340048
     656.4027351567712003       1.0935419797897339
     656.4029352901934544       1.0257200393825769
     656.4031354236157085       0.9395080246031284
     656.4033355570380763       1.0275799911469221
     656.4035356904603304       1.0036019484978169
     656.4037358238825846       1.0701975151896477
     656.4039359573048387       0.9281360283493996
     656.4041360907272065       0.9445178024470806
     656.4043362241494606       0.9745231717824936
     656.4045363575717147       0.9701516125351191
     656.4047364909939688       0.9745137393474579
     656.4049366244163366       0.9413293115794659
     656.4051367578385907       1.0487790219485760
     656.4053368912608448       1.0863816663622856
     656.4055370246830989       1.0802107006311417
     656.4057371581054667       1.0263857636600733
     656.4059372915277208       0.9628440290689468
     656.4061374249499750       0.9901148863136768
     656.4063375583722291       1.0026362405624241
     656.4065376917945969       0.9753849226981401
     656.4067378252168510       0.9929378530941904
     656.4069379586391051       0.9770541526377201
     656.4071380920613592       1.0767036601901054
     656.4073382254836133       1.0584557540714741
     656.4075383589059811       0.9721205439418554
     656.4077384923282352       0.9708261452615261
     656.4079386257504893       1.0532898008823395
     656.4081387591727434       0.9649938233196735
     656.4083388925951112       1.0192560032010078
     656.4085390260173654       0.9493245519697666
     656.4087391594396195       1.0096297999843955
     656.4089392928618736       0.9330204054713249
     656.4091394262842414       1.0381630957126617
     656.4093395597064955       0.9753102213144302
     656.4095396931287496       0.9940073187462986
     656.4097398265510037       1.0345885679125786
     656.4099399599733715       1.0212498046457767
     656.4101400933956256       0.9604702778160572
     656.4103402268178797       1.0032637247350067
     656.4105403602401339       1.0096346326172352
     656.4107404936625016       1.0808352753520012
     656.4109406270847558       1.0246589910238981
     656.4111407605070099       0.9720727968961000
     656.4113408939292640       1.0158813893795013
     656.4115410273516318       1.0525200925767422
     656.4117411607738859       0.9395434595644474
     656.4119412941961400       1.0435213595628738
     656.4121414276183941       0.9693620521575212
     656.4123415610407619       1.0775355920195580
     656.4125416944630160       1.0325527861714363
     656.4127418278852701       1.0682211741805077
     656.4129419613075243       0.9808361548930407
     656.4131420947297784       0.9645777195692062
     656.4133422281521462       0.9566744565963745
     656.4135423615744003       0.9742199536412954
     656.4137424949966544       1.0002498969843145
     656.4139426284189085       1.0205992702394724
     656.4141427618412763       0.9263493791222572
     656.4143428952635304       0.9663144238293171
     656.4145430286857845       0.9457633830606937
     656.4147431621080386       0.9429880380630493
     656.4149432955304064       1.0134654073044658
     656.4151434289526605       0.9414288885891438
     656.4153435623749147       1.1205854788422585
     656.4155436957971688       1.0810131505131721
     656.4157438292195366       0.9663528092205524
     656.4159439626417907       0.9942377759143710
     656.4161440960640448       0.9650973528623581
     656.4163442294862989       0.9758787546306849
     656.4165443629086667       1.0354301221668720
     656.4167444963309208       0.9424092769622803
     656.4169446297531749       0.9853405607864261
     656.4171447631754290       1.0116261439397931
     656.4173448965977968       0.9948766389861703
     656.4175450300200509       0.9462027847766876
     656.4177451634423051       0.9756501726806164
     656.4179452968645592       0.9941414678469300
     656.4181454302869270       1.0318905226886272
     656.4183455637091811       1.0019543590024114
     656.4185456971314352       1.0162575673311949
     656.4187458305536893       1.0403976552188396
     656.4189459639759434       0.9819141943007708
     656.4191460973983112       0.9913680367171764
     656.4193462308205653       0.9678936563432217
     656.4195463642428194       1.0065219672396779
     656.4197464976650735       1.0102705005556345
     656.4199466310874413       1.1109738871455193
     656.4201467645096955       0.9045993238687515
     656.4203468979319496       1.0153623940423131
     656.4205470313542037       0.9902215311303735
     656.4207471647765715       1.0604065954685211
     656.4209472981988256       0.9516613148152828
     656.4211474316210797       0.8507123142480850
     656.4213475650433338       0.9818272311240435
     656.4215476984657016       1.0412637367844582
     656.4217478318879557       0.9778546784073114
     656.4219479653102098       0.8951431289315224
     656.4221480987324640       0.9678734727203846
     656.4223482321548317       1.0040144571103156
     656.4225483655770859       0.9673138633370399
     656.4227484989993400       1.0771988630294800
     656.4229486324215941       0.9543617367744446
     656.4231487658439619       0.9696281068027020
     656.4233488992662160       1.0574651770293713
     656.4235490326884701       1.0030486795585603
     656.4237491661107242       0.9674329347908497
     656.4239492995329783       1.0207404308021069
     656.4241494329553461       0.9883159222081304
     656.4243495663776002       0.9479438550770283
     656.4245496997998544       0.9885730585083365
     656.4247498332221085       1.0147517835721374
     656.4249499666444763       1.0081665432080626
     656.4251501000667304       1.0279189050197601
     656.4253502334889845       1.0281029473990202
     656.4255503669112386       0.9816273227334023
     656.4257505003336064       1.0587798319756985
     656.4259506337558605       0.8970938548445702
     656.4261507671781146       0.9795021358877420
     656.4263509006003687       1.0006051184027456
     656.4265510340227365       0.9889662424102426
     656.4267511674449906       1.0315792672336102
     656.4269513008672448       1.0149340750649571
     656.4271514342894989       1.0352160297334194
     656.4273515677118667       1.0103971576318145
     656.4275517011341208       0.9655014760792255
     656.4277518345563749       1.0518620498478413
     656.4279519679786290       1.0980756506323814
     656.4281521014009968       1.0351889841258526
     656.4283522348232509       0.9812968689948320
     656.4285523682455050       1.0383075177669525
     656.4287525016677591       0.8462027311325073
     656.4289526350901269       0.9570587016642094
     656.4291527685123810       1.0355986990034580
     656.4293529019346352       1.0270322393625975
     656.4295530353568893       1.0574973598122597
     656.4297531687791434       0.9622383490204811
     656.4299533022015112       0.8971164226531982
     656.4301534356237653       0.8910467028617859
     656.4303535690460194       1.0666154846549034
     656.4305537024682735       1.0249457582831383
     656.4307538358906413       0.9388451576232910
     656.4309539693128954       1.0602736063301563
     656.4311541027351495       0.9770777672529221
     656.4313542361574036       1.0024396453518420
     656.4315543695797714       1.0358123742043972
     656.4317545030020256       1.0105123482644558
     656.4319546364242797       1.0425246395170689
     656.4321547698465338       1.0019331725779921
     656.4323549032689016       1.0406621843576431
     656.4325550366911557       1.0380177199840546
     656.4327551701134098       0.9897015215829015
     656.4329553035356639       0.9506172910332680
     656.4331554369580317       0.9935493408702314
     656.4333555703802858       0.9575826600193977
     656.4335557038025399       1.0188394524157047
     656.4337558372247940       0.9540237933397293
     656.4339559706471618       0.9480586536228657
     656.4341561040694160       1.0519388914108276
     656.4343562374916701       0.9843615796416998
     656.4345563709139242       0.9584139361977577
     656.4347565043361783       0.9829137232154608
     656.4349566377585461       0.9976798132993281
     656.4351567711808002       1.0628973320126534
     656.4353569046030543       1.0506914034485817
     656.4355570380253084       0.9460612423717976
     656.4357571714476762       0.9997563906945288
     656.4359573048699303       1.0530970580875874
     656.4361574382921845       0.9476582147181034
     656.4363575717144386       0.8668169081211090
     656.4365577051368064       0.9484864510595798
     656.4367578385590605       1.0483311824500561
     656.4369579719813146       0.8218887895345688
     656.4371581054035687       1.0017478568479419
     656.4373582388259365       0.9946352490223944
     656.4375583722481906       1.0147037375718355
     656.4377585056704447       0.9184166714549065
     656.4379586390926988       1.0299646537750959
     656.4381587725150666       0.9440294839441776
     656.4383589059373207       1.0604938939213753
     656.4385590393595749       1.0221064146608114
     656.4387591727818290       1.0098559763282537
     656.4389593062041968       0.9495898410677910
     656.4391594396264509       1.0062629203312099
     656.4393595730487050       1.0768545344471931
     656.4395597064709591       1.0408603362739086
     656.4397598398933269       1.0415704250335693
     656.4399599733155810       0.9738544039428234
     656.4401601067378351       0.9750298354774714
     656.4403602401600892       1.0060138623230159
     656.4405603735823433       0.9818441048264503
     656.4407605070047111       0.9664828963577747
     656.4409606404269653       0.9710889514535666
     656.4411607738492194       0.9155899137258530
     656.4413609072714735       0.9515761323273182
     656.4415610406938413       0.9012086465954781
     656.4417611741160954       0.9526540637016296
     656.4419613075383495       1.0815336033701897
     656.4421614409606036       0.9628917314112186
     656.4423615743829714       1.0853881686925888
     656.4425617078052255       1.0295747816562653
     656.4427618412274796       1.0352139212191105
     656.4429619746497337       1.0592924915254116
     656.4431621080721015       1.0326861478388309
     656.4433622414943557       1.0011475785868242
     656.4435623749166098       1.0934804081916809
     656.4437625083388639       0.9944593138061464
     656.4439626417612317       1.0001662408903940
     656.4441627751834858       1.1008396297693253
     656.4443629086057399       1.0847425684332848
     656.4445630420279940       0.9878056691959500
     656.4447631754503618       0.9622818492352962
     656.4449633088726159       0.9000072255730629
     656.4451634422948700       1.0320906937122345
     656.4453635757171241       1.0075812200084329
     656.4455637091393783       0.9712858218699694
     656.4457638425617461       0.9790557865053415
     656.4459639759840002       1.0061926841735840
     656.4461641094062543       1.1079804301261902
     656.4463642428285084       0.9924825807102025
     656.4465643762508762       1.0561923868954182
     656.4467645096731303       0.9560537040233612
     656.4469646430953844       0.9741664491593838
     656.4471647765176385       0.9144437983632088
     656.4473649099400063       1.0347537733614445
     656.4475650433622604       1.0729740336537361
     656.4477651767845146       0.9704486336559057
     656.4479653102067687       1.0307290833443403
     656.4481654436291365       1.0304852556437254
     656.4483655770513906       0.9627378284931183
     656.4485657104736447       1.0132933696731925
     656.4487658438958988       0.9958953796885908
     656.4489659773182666       0.9429308176040649
     656.4491661107405207       0.9657190665602684
     656.4493662441627748       0.9886728916317225
     656.4495663775850289       0.9686452299356461
     656.4497665110073967       0.9981444738805294
     656.4499666444296508       1.0160240270197392
     656.4501667778519050       1.0071195214986801
     656.4503669112741591       0.9895767802372575
     656.4505670446965269       0.9601406492292881
     656.4507671781187810       1.0030973560642451
     656.4509673115410351       1.0633967369794846
     656.4511674449632892       0.9718647748231888
     656.4513675783855433       0.9603363685309887
     656.4515677118079111       0.9332605376839638
     656.4517678452301652       1.0613876357674599
     656.4519679786524193       0.9656331427395344
     656.4521681120746734       1.0772977173328400
     656.4523682454970412       0.9774411041289568
     656.4525683789192954       0.9733177088201046
     656.4527685123415495       1.0299955904483795
     656.4529686457638036       1.0108336778357625
     656.4531687791861714       1.0046705137938261
     656.4533689126084255       0.9988439063308761
     656.4535690460306796       1.0465466640889645
     656.4537691794529337       0.9287219420075417
     656.4539693128753015       0.9730931520462036
     656.4541694462975556       0.9768675398081541
     656.4543695797198097       1.0042964140884578
     656.4545697131420638       0.9873975049704313
     656.4547698465644316       0.9322416931390762
     656.4549699799866858       0.9758197143673897
     656.4551701134089399       0.9350605830550194
     656.4553702468311940       0.9655426330864429
     656.4555703802535618       0.9272543862462044
     656.4557705136758159       0.9483410753309727
     656.4559706470980700       0.9891372444108129
     656.4561707805203241       1.0411255918443203
     656.4563709139425782       0.9667849354445934
     656.4565710473649460       0.9631003402173519
     656.4567711807872001       1.0243592299520969
     656.4569713142094542       1.0167226437479258
     656.4571714476317084       0.9665528126060963
     656.4573715810540762       1.0202787052839994
     656.4575717144763303       1.0039625074714422
     656.4577718478985844       0.9893589755520225
     656.4579719813208385       0.9542721770703793
     656.4581721147432063       0.9486355707049370
     656.4583722481654604       0.9495611786842346
     656.4585723815877145       0.9840737972408533
     656.4587725150099686       1.1259956210851669
     656.4589726484323364       1.0635214000940323
     656.4591727818545905       1.0329496711492538
     656.4593729152768447       0.9878167482092977
     656.4595730486990988       0.9718397054821253
     656.4597731821214666       1.0594648383557796
     656.4599733155437207       1.0382420122623444
     656.4601734489659748       1.0396458059549332
     656.4603735823882289       0.9268738999962807
     656.4605737158105967       0.9766206201165915
     656.4607738492328508       1.0268062409013510
     656.4609739826551049       1.0052394815720618
     656.4611741160773590       0.9597257301211357
     656.4613742494997268       0.9697857461869717
     656.4615743829219809       1.0110788000747561
     656.4617745163442351       0.9199688509106636
     656.4619746497664892       0.9512383379042149
     656.4621747831887433       0.9831447135657072
     656.4623749166111111       0.9201150462031364
     656.4625750500333652       1.0033303424715996
     656.4627751834556193       1.0261033326387405
     656.4629753168778734       1.0114019392058253
     656.4631754503002412       1.0065257074311376
     656.4633755837224953       1.0315853022038937
     656.4635757171447494       0.8904465660452843
     656.4637758505670035       0.9070127159357071
     656.4639759839893713       0.9856925802305341
     656.4641761174116255       0.9844880206510425
     656.4643762508338796       0.9973102225922048
     656.4645763842561337       0.9045423343777657
     656.4647765176785015       1.0125919571146369
     656.4649766511007556       0.9701761249452829
     656.4651767845230097       1.0419143848121166
     656.4653769179452638       0.9793205969035625
     656.4655770513676316       0.9576551988720894
     656.4657771847898857       1.0036526869516820
     656.4659773182121398       0.9704106915742159
     656.4661774516343939       0.9322999566793442
     656.4663775850567617       1.0425116233527660
     656.4665777184790159       0.9871318843215704
     656.4667778519012700       1.0838210135698318
     656.4669779853235241       1.0108752856031060
     656.4671781187458919       1.0172976553440094
     656.4673782521681460       0.9065069481730461
     656.4675783855904001       0.9184205532073975
     656.4677785190126542       1.0054373187012970
     656.4679786524349083       1.0198512319475412
     656.4681787858572761       1.0170710179954767
     656.4683789192795302       0.9628131464123726
     656.4685790527017843       1.0384422652423382
     656.4687791861240385       0.9259426444768906
     656.4689793195464063       1.0436180606484413
     656.4691794529686604       0.9086109176278114
     656.4693795863909145       1.0200265012681484
     656.4695797198131686       0.9542455486953259
     656.4697798532355364       1.0065299919806421
     656.4699799866577905       1.0454165861010551
     656.4701801200800446       1.0085910409688950
     656.4703802535022987       1.0200445502996445
     656.4705803869246665       1.0346870534121990
     656.4707805203469206       1.0497550889849663
     656.4709806537691748       0.9689320046454668
     656.4711807871914289       1.0065809874795377
     656.4713809206137967       0.9754772745072842
     656.4715810540360508       0.9546998590230942
     656.4717811874583049       0.9647238329052925
     656.4719813208805590       0.9956260700710118
     656.4721814543029268       0.9808639418333769
     656.4723815877251809       1.0409997180104256
     656.4725817211474350       1.0240229051560163
     656.4727818545696891       0.9333961606025696
     656.4729819879919432       1.0802103653550148
     656.4731821214143110       1.0295012239366770
     656.4733822548365652       0.9948523938655853
     656.4735823882588193       0.9761520847678185
     656.4737825216810734       0.9273028373718262
     656.4739826551034412       1.0222239233553410
     656.4741827885256953       1.0309841036796570
     656.4743829219479494       1.0174191799014807
     656.4745830553702035       0.9267746061086655
     656.4747831887925713       0.9158259108662605
     656.4749833222148254       0.9622745104134083
     656.4751834556370795       1.0488430410623550
     656.4753835890593336       1.0207156352698803
     656.4755837224817014       0.9016812518239021
     656.4757838559039556       0.9772661495953798
     656.4759839893262097       1.0697163119912148
     656.4761841227484638       1.0093678785488009
     656.4763842561708316       0.9986969828605652
     656.4765843895930857       0.9994300908874720
     656.4767845230153398       1.0364398658275604
     656.4769846564375939       1.0328247360885143
     656.4771847898599617       1.0742660164833069
     656.4773849232822158       0.9971855231560767
     656.4775850567044699       1.0697631239891052
     656.4777851901267240       0.9574455581605434
     656.4779853235490918       1.0042413785122335
     656.4781854569713460       1.0164094679057598
     656.4783855903936001       0.9532327242195606
     656.4785857238158542       0.9656322635710239
     656.4787858572381083       1.0243247095495462
     656.4789859906604761       0.9254069402813911
     656.4791861240827302       0.9435298666357994
     656.4793862575049843       0.9379390701651573
     656.4795863909272384       0.9382895827293396
     656.4797865243496062       1.0493243895471096
     656.4799866577718603       0.9941422962583601
     656.4801867911941144       0.9811201859265566
     656.4803869246163686       0.9649638086557388
     656.4805870580387364       1.0688063055276871
     656.4807871914609905       0.9403498098254204
     656.4809873248832446       0.9420890137553215
     656.4811874583054987       0.9196751117706299
     656.4813875917278665       1.0339626185595989
     656.4815877251501206       1.0801971256732941
     656.4817878585723747       0.9061878845095634
     656.4819879919946288       1.0300010647624731
     656.4821881254169966       1.0042013530619442
     656.4823882588392507       1.0602213703095913
     656.4825883922615049       1.0619321577250957
     656.4827885256837590       1.0313232652842999
     656.4829886591061268       0.9438095800578594
     656.4831887925283809       1.0160971358418465
     656.4833889259506350       1.0884022936224937
     656.4835890593728891       0.8993897065520287
     656.4837891927951432       0.8449017554521561
     656.4839893262175110       0.9662260822951794
     656.4841894596397651       0.9788503590971231
     656.4843895930620192       0.9855988146737218
     656.4845897264842733       1.0030635360162705
     656.4847898599066411       0.9784929901361465
     656.4849899933288953       0.9870635969564319
     656.4851901267511494       1.0250546019524336
     656.4853902601734035       0.9619589596986771
     656.4855903935957713       0.9273949041962624
     656.4857905270180254       1.0057409354485571
     656.4859906604402795       1.0218230690807104
     656.4861907938625336       0.9643892198801041
     656.4863909272849014       0.9336270168423653
     656.4865910607071555       0.9795882496982813
     656.4867911941294096       1.0262598749250174
     656.4869913275516637       0.9521294906735420
     656.4871914609740315       0.9309849515557289
     656.4873915943962857       0.9424353651702404
     656.4875917278185398       1.0216736327856779
     656.4877918612407939       1.0200870539993048
     656.4879919946631617       1.0241835899651051
     656.4881921280854158       0.9837754070758820
     656.4883922615076699       1.0299434866756201
     656.4885923949299240       1.0217258352786303
     656.4887925283522918       1.0161976274102926
     656.4889926617745459       0.9691461026668549
     656.4891927951968000       0.9553939178586006
     656.4893929286190541       1.0352909788489342
     656.4895930620413083       1.0587897263467312
     656.4897931954636761       0.9769135210663080
     656.4899933288859302       0.9315370023250580
     656.4901934623081843       0.9241120740771294
     656.4903935957304384       0.9884529896080494
     656.4905937291528062       0.9934732355177402
     656.4907938625750603       0.9692929890006781
     656.4909939959973144       0.9573184065520763
     656.4911941294195685       0.9563224092125893
     656.4913942628419363       1.0528909973800182
     656.4915943962641904       0.9939976055175066
     656.4917945296864445       1.0116662457585335
     656.4919946631086987       0.9875455684959888
     656.4921947965310665       1.0048220600001514
     656.4923949299533206       0.9972847427707165
     656.4925950633755747       1.0350676141679287
     656.4927951967978288       1.0169164407998323
     656.4929953302201966       0.9598633348941803
     656.4931954636424507       0.9723659176379442
     656.4933955970647048       1.0264034513384104
     656.4935957304869589       0.9396632425487041
     656.4937958639093267       1.0328399278223515
     656.4939959973315808       0.9821847919374704
     656.4941961307538350       0.9562373794615269
     656.4943962641760891       1.0674444735050201
     656.4945963975983432       0.9627382345497608
     656.4947965310207110       0.9517899416387081
     656.4949966644429651       1.0321826934814453
     656.4951967978652192       0.9907249929383397
     656.4953969312874733       1.0210500191897154
     656.4955970647098411       1.0223988499492407
     656.4957971981320952       0.9173198416829109
     656.4959973315543493       0.9721153974533081
     656.4961974649766034       1.0057944622822106
     656.4963975983989712       0.9336254373192787
     656.4965977318212254       0.9536290839314461
     656.4967978652434795       1.0194249860942364
     656.4969979986657336       0.9918731804937124
     656.4971981320881014       1.0247518531978130
     656.4973982655103555       0.9976445608772337
     656.4975983989326096       0.9629707820713520
     656.4977985323548637       0.8969725370407104
     656.4979986657772315       1.0324842818081379
     656.4981987991994856       0.9906802559271455
     656.4983989326217397       1.0054421504028141
     656.4985990660439938       0.9731871634721756
     656.4987991994663616       1.0523260310292244
     656.4989993328886158       1.0123461121693254
     656.4991994663108699       1.0653531476855278
     656.4993995997331240       1.0580926500260830
     656.4995997331554918       0.9732793066650629
     656.4997998665777459       0.9590683467686176
     656.5000000000000000       1.0263610966503620
