     656.2000000000000455       0.9580880776047707
     656.2002001334222996       0.9268874228000641
     656.2004002668445537       1.0067073763348162
     656.2006004002669215       1.0303647164255381
     656.2008005336891756       0.9649687148630619
     656.2010006671114297       0.9353568628430367
     656.2012008005336838       0.9203458428382874
     656.2014009339560516       1.0036874420475215
     656.2016010673783057       1.0358126200735569
     656.2018012008005599       0.9769939947873354
     656.2020013342228140       0.8749384880065918
     656.2022014676451818       0.9661933295428753
     656.2024016010674359       1.0185518097132444
     656.2026017344896900       0.9832234829664230
     656.2028018679119441       0.9490064717829227
     656.2030020013343119       0.9225995317101479
     656.2032021347565660       1.0389941297471523
     656.2034022681788201       1.1138825640082359
     656.2036024016010742       1.0175094511359930
     656.2038025350234420       1.0169542282819748
     656.2040026684456961       1.0526890866458416
     656.2042028018679503       1.0553134940564632
     656.2044029352902044       1.0969829559326172
     656.2046030687125722       1.0457066521048546
     656.2048032021348263       0.9177797287702560
     656.2050033355570804       0.9804511107504368
     656.2052034689793345       1.0899869129061699
     656.2054036024017023       0.8802202418446541
     656.2056037358239564       1.0445174612104893
     656.2058038692462105       1.0021424700971693
     656.2060040026684646       1.0867897719144821
     656.2062041360907187       0.9874449772760272
     656.2064042695130865       1.0608060769736767
     656.2066044029353407       1.0191577058285475
     656.2068045363575948       0.9449607022106647
     656.2070046697798489       1.0475196167826653
     656.2072048032022167       0.9312796667218208
     656.2074049366244708       1.0075110825709999
     656.2076050700467249       1.0404232703149319
     656.2078052034689790       1.0995619222521782
     656.2080053368913468       1.0270322263240814
     656.2082054703136009       0.9700269047170877
     656.2084056037358550       0.9881530515849590
     656.2086057371581092       1.0996686741709709
     656.2088058705804769       0.9694222901016474
     656.2090060040027311       1.0760919675230980
     656.2092061374249852       0.9442728161811829
     656.2094062708472393       1.0172522347420454
     656.2096064042696071       1.0279214512556791
     656.2098065376918612       0.9660625532269478
     656.2100066711141153       1.0136361736804247
     656.2102068045363694       0.9471401497721672
     656.2104069379587372       1.1034835949540138
     656.2106070713809913       1.0039265966042876
     656.2108072048032454       0.9835589490830898
     656.2110073382254996       1.0329719185829163
     656.2112074716477537       1.0327345430850983
     656.2114076050701215       1.0415398404002190
     656.2116077384923756       1.0318947397172451
     656.2118078719146297       0.9539455138146877
     656.2120080053368838       1.0232178643345833
     656.2122081387592516       0.9953961581923068
     656.2124082721815057       1.0251542311161757
     656.2126084056037598       0.9116677120327950
     656.2128085390260139       0.9932737280614674
     656.2130086724483817       0.9912336524575949
     656.2132088058706358       1.0261563807725906
     656.2134089392928900       1.0099888509139419
     656.2136090727151441       0.9144272804260254
     656.2138092061375119       1.0146690970286727
     656.2140093395597660       0.9457731544971466
     656.2142094729820201       0.9889531917870045
     656.2144096064042742       1.0214417632669210
     656.2146097398266420       1.0105629088357091
     656.2148098732488961       0.9904264509677887
     656.2150100066711502       1.0309815984219313
     656.2152101400934043       1.0240683797746897
     656.2154102735157721       0.9658048264682293
     656.2156104069380262       1.0339536070823669
     656.2158105403602804       1.0748707875609398
     656.2160106737825345       0.9977698002476245
     656.2162108072049023       1.0138288410380483
     656.2164109406271564       0.9549023024737835
     656.2166110740494105       0.9673791863024235
     656.2168112074716646       1.0357204899191856
     656.2170113408939187       0.9931547231972218
     656.2172114743162865       1.0987364575266838
     656.2174116077385406       1.0866204798221588
     656.2176117411607947       1.0581954829394817
     656.2178118745830488       1.0222558341920376
     656.2180120080054166       0.9694424811750650
     656.2182121414276708       1.0045386175625026
     656.2184122748499249       1.0428603291511536
     656.2186124082721790       0.8768213614821434
     656.2188125416945468       0.9865169720724225
     656.2190126751168009       1.0713740512728691
     656.2192128085390550       1.0497999228537083
     656.2194129419613091       0.9285511747002602
     656.2196130753836769       1.0415050089359283
     656.2198132088059310       1.0085923327133060
     656.2200133422281851       1.0430519618093967
     656.2202134756504392       1.0712526068091393
     656.2204136090728070       0.9636885263025761
     656.2206137424950612       0.9047100245952606
     656.2208138759173153       0.9823144357651472
     656.2210140093395694       1.0009219436324202
     656.2212141427619372       0.9601472318172455
     656.2214142761841913       1.0729563832283020
     656.2216144096064454       0.9981819685781375
     656.2218145430286995       0.9209299460053444
     656.2220146764509536       1.0805221721529961
     656.2222148098733214       0.9374866262078285
     656.2224149432955755       0.9313833191990852
     656.2226150767178297       0.9773633424192667
     656.2228152101400838       0.9239806756377220
     656.2230153435624516       1.0359245948493481
     656.2232154769847057       0.9663112275302410
     656.2234156104069598       1.0494435057044029
     656.2236157438292139       1.0342983826994896
     656.2238158772515817       1.0047708689235151
     656.2240160106738358       0.9679981246590614
     656.2242161440960899       1.0842179432511330
     656.2244162775183440       1.0286096669733524
     656.2246164109407118       1.0233584623783827
     656.2248165443629659       1.0366934947669506
     656.2250166777852201       1.0291310753673315
     656.2252168112074742       0.9789329711347818
     656.2254169446298420       0.9321917071938515
     656.2256170780520961       1.0652735456824303
     656.2258172114743502       0.9750635400414467
     656.2260173448966043       1.0898152366280556
     656.2262174783189721       1.0588914155960083
     656.2264176117412262       0.9664638228714466
     656.2266177451634803       1.0382608100771904
     656.2268178785857344       0.9650671966373920
     656.2270180120081022       1.0222699176520109
     656.2272181454303563       0.9876733385026455
     656.2274182788526105       1.1155329346656799
     656.2276184122748646       0.9389362223446369
     656.2278185456971187       0.9805741980671883
     656.2280186791194865       0.9662188664078712
     656.2282188125417406       1.0679518580436707
     656.2284189459639947       0.9047906622290611
     656.2286190793862488       1.0400361381471157
     656.2288192128086166       0.9511003941297531
     656.2290193462308707       1.0487092994153500
     656.2292194796531248       0.9931418187916279
     656.2294196130753789       0.9697683751583099
     656.2296197464977467       0.9547849521040916
     656.2298198799200009       1.0108567178249359
     656.2300200133422550       0.9954738547094166
     656.2302201467645091       0.9984929435886443
     656.2304202801868769       1.0230853464454412
     656.2306204136091310       1.0093107903376222
     656.2308205470313851       1.0304918885231018
     656.2310206804536392       0.9535104520618916
     656.2312208138760070       1.0271055381745100
     656.2314209472982611       0.9433204345405102
     656.2316210807205152       0.9715517610311508
     656.2318212141427693       0.9887418113648891
     656.2320213475651371       0.9457706920802593
     656.2322214809873913       0.9912332361564040
     656.2324216144096454       1.0750389322638512
     656.2326217478318995       1.0418648384511471
     656.2328218812541536       1.0238380692899227
     656.2330220146765214       1.0299137365072966
     656.2332221480987755       0.9557162858545780
     656.2334222815210296       1.0179442819207907
     656.2336224149432837       1.0184797029942274
     656.2338225483656515       0.9605000130832195
     656.2340226817879056       1.0055904253385961
     656.2342228152101598       1.0449154712259769
     656.2344229486324139       0.9342640638351440
     656.2346230820547817       0.9647037908434868
     656.2348232154770358       1.0771531984210014
     656.2350233488992899       0.8996446728706360
     656.2352234823215440       1.0524341762065887
     656.2354236157439118       1.0241584926843643
     656.2356237491661659       0.9874572055414319
     656.2358238825884200       0.9937267554923892
     656.2360240160106741       0.9816459491848946
     656.2362241494330419       0.9008008912205696
     656.2364242828552960       1.0218418594449759
     656.2366244162775502       1.0871843472123146
     656.2368245496998043       1.0857892930507660
     656.2370246831221721       1.0334903113543987
     656.2372248165444262       0.9447348155081272
     656.2374249499666803       1.0271704848855734
     656.2376250833889344       0.9605482406914234
     656.2378252168113022       1.1231063380837440
     656.2380253502335563       1.0043153222650290
     656.2382254836558104       0.9381491169333458
     656.2384256170780645       1.0072490819729865
     656.2386257505003186       0.9780737757682800
     656.2388258839226864       1.0405203960835934
     656.2390260173449406       0.9401289224624634
     656.2392261507671947       0.9435630366206169
     656.2394262841894488       1.0615223422646523
     656.2396264176118166       1.0332415513694286
     656.2398265510340707       0.8983508199453354
     656.2400266844563248       1.0245603639632463
     656.2402268178785789       0.9634716771543026
     656.2404269513009467       1.0848254784941673
     656.2406270847232008       0.9670376069843769
     656.2408272181454549       1.0150080714374781
     656.2410273515677090       1.0220434851944447
     656.2412274849900768       1.0208039470016956
     656.2414276184123310       1.0201367158442736
     656.2416277518345851       0.9045415893197060
     656.2418278852568392       1.0187959168106318
     656.2420280186792070       1.0903690084815025
     656.2422281521014611       0.9163098111748695
     656.2424282855237152       0.9948577848263085
     656.2426284189459693       1.0580560676753521
     656.2428285523683371       0.9886427987366915
     656.2430286857905912       1.0338659696280956
     656.2432288192128453       1.0274206530302763
     656.2434289526350994       0.9879054538905621
     656.2436290860574672       1.0411003120243549
     656.2438292194797214       0.9771237149834633
     656.2440293529019755       1.0724060758948326
     656.2442294863242296       1.0943732708692551
     656.2444296197464837       0.9684039093554020
     656.2446297531688515       0.9830962587147951
     656.2448298865911056       1.0581262372434139
     656.2450300200133597       1.0645119175314903
     656.2452301534356138       1.0106682749465108
     656.2454302868579816       0.9967482197098434
     656.2456304202802357       1.0160396210849285
     656.2458305537024899       0.9988257829099894
     656.2460306871247440       0.9136586859822273
     656.2462308205471118       1.0130431717261672
     656.2464309539693659       1.0363640375435352
     656.2466310873916200       0.9990105949109420
     656.2468312208138741       1.0551439225673676
     656.2470313542362419       1.0419405810534954
     656.2472314876584960       0.9628683216869831
     656.2474316210807501       1.0713129043579102
     656.2476317545030042       1.0562337040901184
     656.2478318879253720       0.9889018004760146
     656.2480320213476261       1.0213641282171011
     656.2482321547698803       1.0354439057409763
     656.2484322881921344       1.0708530619740486
     656.2486324216145022       0.9948215042240918
     656.2488325550367563       1.1010627374053001
     656.2490326884590104       1.0067867166362703
     656.2492328218812645       0.9983342563500628
     656.2494329553035186       0.9675149321556091
     656.2496330887258864       1.0367576591670513
     656.2498332221481405       0.9464027397334576
     656.2500333555703946       0.9971413307357579
     656.2502334889926487       0.9855009969323874
     656.2504336224150165       1.1237111091613770
     656.2506337558372707       0.9602382704615593
     656.2508338892595248       1.0704071074724197
     656.2510340226817789       0.8204041421413422
     656.2512341561041467       0.9092267826199532
     656.2514342895264008       1.0426895692944527
     656.2516344229486549       0.9597947187721729
     656.2518345563709090       0.9990189612144604
     656.2520346897932768       0.9762179348617792
     656.2522348232155309       0.9814092386513948
     656.2524349566377850       0.9935001535341144
     656.2526350900600391       0.9739513099193573
     656.2528352234824069       1.0812684744596481
     656.2530353569046611       0.9799873512238264
     656.2532354903269152       0.9635289050638676
     656.2534356237491693       1.0068067233078182
     656.2536357571715371       1.0190003607422113
     656.2538358905937912       0.9955896842293441
     656.2540360240160453       1.0107952905818820
     656.2542361574382994       1.0343579575419426
     656.2544362908606672       1.0062634865753353
     656.2546364242829213       0.9681056626141071
     656.2548365577051754       0.9947131415829062
     656.2550366911274295       1.0061244266107678
     656.2552368245496837       0.9994388836785220
     656.2554369579720515       1.0347590893507004
     656.2556370913943056       0.9806460458785295
     656.2558372248165597       0.8657441437244415
     656.2560373582388138       0.9094212129712105
     656.2562374916611816       0.9576023556292057
     656.2564376250834357       0.9057714343070984
     656.2566377585056898       0.9843048434704542
     656.2568378919279439       0.9517821110785007
     656.2570380253503117       0.9399549104273319
     656.2572381587725658       1.0849142000079155
     656.2574382921948200       0.9928625128231943
     656.2576384256170741       1.0386891476809978
     656.2578385590394419       0.9603438861668110
     656.2580386924616960       1.0463728569447994
     656.2582388258839501       0.9354232773184776
     656.2584389593062042       0.8997913226485252
     656.2586390927285720       1.0447808355093002
     656.2588392261508261       0.9273160919547081
     656.2590393595730802       0.9657169692218304
     656.2592394929953343       0.9799878560006618
     656.2594396264177021       1.0094322850927711
     656.2596397598399562       0.9788714013993740
     656.2598398932622104       0.9585505872964859
     656.2600400266844645       0.9852047981694341
     656.2602401601067186       1.0354854986071587
     656.2604402935290864       1.0308250095695257
     656.2606404269513405       0.9108863770961761
     656.2608405603735946       0.9810315854847431
     656.2610406937958487       1.0425047948956490
     656.2612408272182165       1.0758217871189117
     656.2614409606404706       0.9809931386262178
     656.2616410940627247       0.9872176283970475
     656.2618412274849788       1.0041319169104099
     656.2620413609073466       1.0706642791628838
     656.2622414943296008       1.0874647498130798
     656.2624416277518549       1.0451633110642433
     656.2626417611741090       0.9677974320948124
     656.2628418945964768       0.9481728784739971
     656.2630420280187309       1.0213188659399748
     656.2632421614409850       0.9337284937500954
     656.2634422948632391       1.0444821529090405
     656.2636424282856069       0.9443077929317951
     656.2638425617078610       0.9921883232891560
     656.2640426951301151       0.9633845761418343
     656.2642428285523692       1.0047658602707088
     656.2644429619747370       0.8552871346473694
     656.2646430953969912       0.9998717381095048
     656.2648432288192453       0.9905189517885447
     656.2650433622414994       1.0197224784642458
     656.2652434956638672       0.9511728323996067
     656.2654436290861213       0.9849278256297112
     656.2656437625083754       1.0304885264486074
     656.2658438959306295       1.1001895889639854
     656.2660440293528836       1.0971949547529221
     656.2662441627752514       0.9797884244471788
     656.2664442961975055       0.9712953586131334
     656.2666444296197596       0.9588142670691013
     656.2668445630420138       0.9629318267107010
     656.2670446964643816       1.0546792931854725
     656.2672448298866357       0.9109186828136444
     656.2674449633088898       1.0769717395305634
     656.2676450967311439       1.0213403776288033
     656.2678452301535117       0.9531188979744911
     656.2680453635757658       0.8892721384763718
     656.2682454969980199       0.9948090133257210
     656.2684456304202740       0.9494417645037174
     656.2686457638426418       0.9755435567349195
     656.2688458972648959       1.0000030915405205
     656.2690460306871501       0.9674194455146790
     656.2692461641094042       0.9887859309092164
     656.2694462975317720       0.9554626084864140
     656.2696464309540261       0.9807744864374399
     656.2698465643762802       0.9573240615427494
     656.2700466977985343       0.9890795880928636
     656.2702468312209021       0.9286775663495064
     656.2704469646431562       1.0006933370605111
     656.2706470980654103       0.9231640771031380
     656.2708472314876644       0.9778136610984802
     656.2710473649099185       1.0582353547215462
     656.2712474983322863       1.0371877066791058
     656.2714476317545405       0.9902704991400242
     656.2716477651767946       0.9940197076648474
     656.2718478985990487       1.0548614822328091
     656.2720480320214165       1.0032895884942263
     656.2722481654436706       0.9669084586203098
     656.2724482988659247       1.1341590285301208
     656.2726484322881788       1.0336527861654758
     656.2728485657105466       1.0191961955279112
     656.2730486991328007       1.0093497252091765
     656.2732488325550548       1.0468274168670177
     656.2734489659773089       0.9834612254053354
     656.2736490993996767       0.9841493368148804
     656.2738492328219309       0.9693904779851437
     656.2740493662441850       0.9781428258866072
     656.2742494996664391       1.0670317858457565
     656.2744496330888069       0.9112557768821716
     656.2746497665110610       0.9865553677082062
     656.2748498999333151       1.0091889351606369
     656.2750500333555692       1.0232893582433462
     656.2752501667779370       1.0146914124488831
     656.2754503002001911       0.9964308547787368
     656.2756504336224452       0.9512818641960621
     656.2758505670446993       1.0355465486645699
     656.2760507004670671       1.0083923563361168
     656.2762508338893213       1.0084562087431550
     656.2764509673115754       1.0616117417812347
     656.2766511007338295       1.0128084970638156
     656.2768512341560836       1.0494561642408371
     656.2770513675784514       0.9364629089832306
     656.2772515010007055       0.9356939345598221
     656.2774516344229596       0.9539452269673347
     656.2776517678452137       0.9136013314127922
     656.2778519012675815       0.9762532059103251
     656.2780520346898356       0.8927826508879662
     656.2782521681120897       1.0101350285112858
     656.2784523015343439       0.9691535700112581
     656.2786524349567117       0.9560743421316147
     656.2788525683789658       1.0048623788170516
     656.2790527018012199       0.9822568800300360
     656.2792528352234740       1.0487269572913647
     656.2794529686458418       1.0426253937184811
     656.2796531020680959       1.0770591720938683
     656.2798532354903500       0.9932044767774642
     656.2800533689126041       0.9757187310606241
     656.2802535023349719       0.9862444298341870
     656.2804536357572260       1.0555509813129902
     656.2806537691794802       1.0673514083027840
     656.2808539026017343       0.9334197565913200
     656.2810540360241021       0.9893465079367161
     656.2812541694463562       0.9776717256754637
     656.2814543028686103       0.9463212527334690
     656.2816544362908644       1.0223002303391695
     656.2818545697131185       1.0626561865210533
     656.2820547031354863       0.9084407389163971
     656.2822548365577404       0.9805302210152149
     656.2824549699799945       0.9862608117982745
     656.2826551034022486       0.9685388691723347
     656.2828552368246164       1.0024358469527215
     656.2830553702468706       0.9727755133062601
     656.2832555036691247       1.0005938861868344
     656.2834556370913788       1.0084552746266127
     656.2836557705137466       0.9713180866092443
     656.2838559039360007       0.9681613929569721
     656.2840560373582548       1.0458872728049755
     656.2842561707805089       0.9953644466586411
     656.2844563042028767       0.9683597125113010
     656.2846564376251308       1.0636187419295311
     656.2848565710473849       1.0017954449867830
     656.2850567044696390       1.0724833235144615
     656.2852568378920068       0.8910157456994057
     656.2854569713142610       0.9910800801590085
     656.2856571047365151       0.9515117332339287
     656.2858572381587692       1.0551635734736919
     656.2860573715811370       1.0675044283270836
     656.2862575050033911       0.9886339418590069
     656.2864576384256452       1.0783944576978683
     656.2866577718478993       1.0514377839863300
     656.2868579052702671       0.9611128941178322
     656.2870580386925212       0.9869532817974687
     656.2872581721147753       0.9558051787316799
     656.2874583055370294       0.9583577029407024
     656.2876584389592836       1.1111604571342468
     656.2878585723816514       0.9929449921473861
     656.2880587058039055       0.9635642953217030
     656.2882588392261596       0.9576098807156086
     656.2884589726484137       1.0808260887861252
     656.2886591060707815       0.9548055343329906
     656.2888592394930356       0.9330692887306213
     656.2890593729152897       1.0570618771016598
     656.2892595063375438       0.9412664659321308
     656.2894596397599116       0.9459982253611088
     656.2896597731821657       1.0088324872776866
     656.2898599066044198       0.9831300526857376
     656.2900600400266740       0.9625853076577187
     656.2902601734490418       0.9510251916944981
     656.2904603068712959       1.0574097745120525
     656.2906604402935500       0.9930179999209940
     656.2908605737158041       0.9559880942106247
     656.2910607071381719       0.9768563024699688
     656.2912608405604260       1.0312593653798103
     656.2914609739826801       1.0482088327407837
     656.2916611074049342       0.9277056902647018
     656.2918612408273020       1.1142387017607689
     656.2920613742495561       1.0450485274195671
     656.2922615076718103       1.0548398271203041
     656.2924616410940644       1.0251612253487110
     656.2926617745164322       1.0396867953240871
     656.2928619079386863       1.1322145164012909
     656.2930620413609404       0.9104973748326302
     656.2932621747831945       0.9387327916920185
     656.2934623082054486       1.0066363229416311
     656.2936624416278164       1.0062978351488709
     656.2938625750500705       1.0414762012660503
     656.2940627084723246       0.9862815747037530
     656.2942628418945787       1.0104735922068357
     656.2944629753169465       1.0711962655186653
     656.2946631087392007       1.0509882457554340
     656.2948632421614548       0.9640425369143486
     656.2950633755837089       1.0239029861986637
     656.2952635090060767       1.0638489499688148
     656.2954636424283308       0.8974816575646400
     656.2956637758505849       0.9399785622954369
     656.2958639092728390       1.0362440757453442
     656.2960640426952068       0.9285580664873123
     656.2962641761174609       0.9030071347951889
     656.2964643095397150       0.9204228892922401
     656.2966644429619691       1.0161515362560749
     656.2968645763843369       1.0230451561510563
     656.2970647098065911       1.0926976650953293
     656.2972648432288452       1.1166055575013161
     656.2974649766510993       0.9479791224002838
     656.2976651100734671       0.9178845360875130
     656.2978652434957212       0.9410937540233135
     656.2980653769179753       0.9465961456298828
     656.2982655103402294       1.0212663467973471
     656.2984656437624835       1.0212330613285303
     656.2986657771848513       0.9715384244918823
     656.2988659106071054       0.8997982814908028
     656.2990660440293595       1.0480514578521252
     656.2992661774516137       1.0157695394009352
     656.2994663108739815       0.9293404296040535
     656.2996664442962356       1.0391820892691612
     656.2998665777184897       1.0705245137214661
     656.3000667111407438       1.0675278306007385
     656.3002668445631116       1.0513511113822460
     656.3004669779853657       1.0821557790040970
     656.3006671114076198       0.9827896244823933
     656.3008672448298739       1.0644036009907722
     656.3010673782522417       1.0725084841251373
     656.3012675116744958       0.9701677653938532
     656.3014676450967499       0.9700495004653931
     656.3016677785190041       0.9911812487989664
     656.3018679119413719       0.9756498951464891
     656.3020680453636260       1.0473293885588646
     656.3022681787858801       1.0063693039119244
     656.3024683122081342       0.8970136642456055
     656.3026684456305020       1.1107312813401222
     656.3028685790527561       0.9521488137543201
     656.3030687124750102       0.9592703320086002
     656.3032688458972643       0.9977645459584892
     656.3034689793196321       0.9082664027810097
     656.3036691127418862       1.0346002988517284
     656.3038692461641403       0.9465689882636070
     656.3040693795863945       0.9441975057125092
     656.3042695130086486       0.9733923319727182
     656.3044696464310164       0.9789577964693308
     656.3046697798532705       1.0401700846850872
     656.3048699132755246       0.9429991357028484
     656.3050700466977787       1.0317297652363777
     656.3052701801201465       1.0311176031827927
     656.3054703135424006       0.9520511478185654
     656.3056704469646547       0.9711994696408510
     656.3058705803869088       0.9546995647251606
     656.3060707138092766       1.0926926583051682
     656.3062708472315308       0.9735332224518061
     656.3064709806537849       1.0149054070934653
     656.3066711140760390       1.1354378163814545
     656.3068712474984068       1.0529383793473244
     656.3070713809206609       1.0494436249136925
     656.3072715143429150       1.0049698459915817
     656.3074716477651691       0.9735282920300961
     656.3076717811875369       0.9910069536417723
     656.3078719146097910       0.9561013020575047
     656.3080720480320451       1.0397215150296688
     656.3082721814542992       0.9487683176994324
     656.3084723148766670       1.0644126161932945
     656.3086724482989212       1.0137005718424916
     656.3088725817211753       0.9424548447132111
     656.3090727151434294       1.0888578742742538
     656.3092728485656835       0.9273960813879967
     656.3094729819880513       0.9251871481537819
     656.3096731154103054       1.0202272981405258
     656.3098732488325595       0.8972800448536873
     656.3100733822548136       0.9879275597631931
     656.3102735156771814       1.0795105397701263
     656.3104736490994355       0.9999635478525306
     656.3106737825216896       0.9284812584519386
     656.3108739159439438       0.9724922440946102
     656.3110740493663116       1.0232614390552044
     656.3112741827885657       0.8507000952959061
     656.3114743162108198       0.9866556134074926
     656.3116744496330739       0.9823512025177479
     656.3118745830554417       1.0197378266602755
     656.3120747164776958       1.0535227172076702
     656.3122748498999499       0.9895743513479829
     656.3124749833222040       0.9749232027679682
     656.3126751167445718       1.0025934935547411
     656.3128752501668259       1.1151008009910583
     656.3130753835890800       0.9963521205354482
     656.3132755170113342       0.9775400310754776
     656.3134756504337020       1.0554447546601295
     656.3136757838559561       0.9938125968910754
     656.3138759172782102       0.9888884024694562
     656.3140760507004643       1.0579129755496979
     656.3142761841228321       1.1306625455617905
     656.3144763175450862       0.9776927288621664
     656.3146764509673403       1.0022418994922191
     656.3148765843895944       0.9872617954388261
     656.3150767178118485       0.9469833299517632
     656.3152768512342163       0.9464256688952446
     656.3154769846564704       0.9404044449329376
     656.3156771180787246       1.0360024720430374
     656.3158772515009787       0.9854201497510076
     656.3160773849233465       1.0028900641482323
     656.3162775183456006       0.8962284401059151
     656.3164776517678547       1.0514701120555401
     656.3166777851901088       0.9907572390511632
     656.3168779186124766       1.0072071217000484
     656.3170780520347307       0.9586467444896698
     656.3172781854569848       0.9560982324182987
     656.3174783188792389       1.0495644025504589
     656.3176784523016067       0.9773383941501379
     656.3178785857238609       1.0371185578405857
     656.3180787191461150       1.0241977460682392
     656.3182788525683691       0.9566662535071373
     656.3184789859907369       0.9533762075006962
     656.3186791194129910       1.0197999998927116
     656.3188792528352451       0.9785443469882011
     656.3190793862574992       0.9942836859263480
     656.3192795196798670       1.0077082901261747
     656.3194796531021211       0.9403926730155945
     656.3196797865243752       1.0367558151483536
     656.3198799199466293       0.9761444795876741
     656.3200800533688835       1.0089404173195362
     656.3202801867912513       1.0074727530591190
     656.3204803202135054       1.0021104894112796
     656.3206804536357595       0.9724534563720226
     656.3208805870580136       1.0122675653547049
     656.3210807204803814       0.9672821722924709
     656.3212808539026355       0.9660225100815296
     656.3214809873248896       0.9330421611666679
     656.3216811207471437       1.0702149793505669
     656.3218812541695115       1.0361238978803158
     656.3220813875917656       0.9803678113967180
     656.3222815210140197       0.9493166096508503
     656.3224816544362739       0.9385980777442455
     656.3226817878586417       1.0234328694641590
     656.3228819212808958       1.0676002949476242
     656.3230820547031499       0.9275550916790962
     656.3232821881254040       0.9805610198527575
     656.3234823215477718       1.0553469918668270
     656.3236824549700259       1.0061532305553555
     656.3238825883922800       1.0492878369987011
     656.3240827218145341       1.0222379807382822
     656.3242828552369019       0.9805075023323298
     656.3244829886591560       1.1228325366973877
     656.3246831220814101       0.9610353410243988
     656.3248832555036643       0.9885547263547777
     656.3250833889260321       0.9419039525091647
     656.3252835223482862       1.0188812874257562
     656.3254836557705403       1.0187007244676349
     656.3256837891927944       1.0614245943725105
     656.3258839226150485       0.9297751933336251
     656.3260840560374163       1.0210867207497349
     656.3262841894596704       0.8936681821942315
     656.3264843228819245       1.0308761503547408
     656.3266844563041786       0.8789818957447975
     656.3268845897265464       0.9789964165538503
     656.3270847231488005       0.9855136247351697
     656.3272848565710547       1.0188798811286586
     656.3274849899933088       1.0560938827693311
     656.3276851234156766       1.0509676001965778
     656.3278852568379307       0.9382565356790691
     656.3280853902601848       1.0081491284071917
     656.3282855236824389       1.0288270767777454
     656.3284856571048067       0.9838202316312955
     656.3286857905270608       1.0490860603748258
     656.3288859239493149       1.0241614505646441
     656.3290860573715690       0.9707781374451356
     656.3292861907939368       1.0335353985424272
     656.3294863242161910       0.9901560563587565
     656.3296864576384451       0.9811056945463560
     656.3298865910606992       0.9710460454212071
     656.3300867244830670       0.9927512542325371
     656.3302868579053211       0.9870695797699042
     656.3304869913275752       1.0953520163854615
     656.3306871247498293       1.0777471288983187
     656.3308872581721971       0.9093080237429293
     656.3310873915944512       1.0017033753572899
     656.3312875250167053       1.0835251435481270
     656.3314876584389594       0.9693787209470138
     656.3316877918612136       1.0228351410170737
     656.3318879252835814       1.0841472073959388
     656.3320880587058355       1.0549012906249622
     656.3322881921280896       1.0199046171367312
     656.3324883255503437       0.9160780085955668
     656.3326884589727115       1.0205111408866379
     656.3328885923949656       0.9859097877167536
     656.3330887258172197       1.0354265493087709
     656.3332888592394738       1.0502082366035628
     656.3334889926618416       1.0325439976379958
     656.3336891260840957       1.0733840830233650
     656.3338892595063498       1.0320418727137435
     656.3340893929286040       1.0126824364426090
     656.3342895263509718       0.9746654908002578
     656.3344896597732259       0.9669697220747624
     656.3346897931954800       0.9956558604074839
     656.3348899266177341       1.0657274600017508
     656.3350900600401019       1.0173603584998467
     656.3352901934623560       0.8854932548687675
     656.3354903268846101       0.9135551112398769
     656.3356904603068642       1.0156562042349897
     656.3358905937292320       0.9612299779262609
     656.3360907271514861       0.9809268811051618
     656.3362908605737402       1.0947836274324176
     656.3364909939959944       0.9838266619779830
     656.3366911274182485       0.9917905230448153
     656.3368912608406163       0.9803748382384795
     656.3370913942628704       0.9082068907382846
     656.3372915276851245       0.9869854084023003
     656.3374916611073786       0.9803800708247686
     656.3376917945297464       1.0344387198471496
     656.3378919279520005       1.0243512328894679
     656.3380920613742546       1.0068512879328966
     656.3382921947965087       0.9250503714302740
     656.3384923282188765       0.9847974661637536
     656.3386924616411306       0.9901552994527845
     656.3388925950633848       1.0348280937479570
     656.3390927284856389       0.9386848662956269
     656.3392928619080067       1.0921714173198218
     656.3394929953302608       1.0011940592388151
     656.3396931287525149       1.0193775100995446
     656.3398932621747690       0.9973037516870552
     656.3400933955971368       1.0758919240045210
     656.3402935290193909       0.9718162918629962
     656.3404936624416450       1.0696047722717996
     656.3406937958638991       0.9417805301691304
     656.3408939292862669       0.9934220001379812
     656.3410940627085211       1.0349612658734211
     656.3412941961307752       0.9993434904435580
     656.3414943295530293       1.0451794266472088
     656.3416944629753971       1.0169165518046457
     656.3418945963976512       0.9200687066149348
     656.3420947298199053       1.0121184665928449
     656.3422948632421594       0.9418878086257277
     656.3424949966644135       1.0383483462526200
     656.3426951300867813       1.0500492872593179
     656.3428952635090354       0.8970936926548597
     656.3430953969312895       0.9800083553035989
     656.3432955303535437       0.9734070862858374
     656.3434956637759115       1.0675512574422150
     656.3436957971981656       1.1170182156624482
     656.3438959306204197       0.9880972869608146
     656.3440960640426738       0.9334195979051312
     656.3442961974650416       0.9897813474322422
     656.3444963308872957       1.1094133365527254
     656.3446964643095498       0.9468077559331576
     656.3448965977318039       0.9372861573473965
     656.3450967311541717       1.0747374912040493
     656.3452968645764258       1.0209293875235965
     656.3454969979986799       0.9712381851474142
     656.3456971314209341       0.9916261652582171
     656.3458972648433019       1.0878093976450645
     656.3460973982655560       0.9538355672181489
     656.3462975316878101       1.0223491462599557
     656.3464976651100642       1.0273349801154834
     656.3466977985324320       0.9724855845115247
     656.3468979319546861       1.0542718480230346
     656.3470980653769402       0.9712994803688489
     656.3472981987991943       0.9856373398061704
     656.3474983322214484       0.9916739406361608
     656.3476984656438162       1.0052299715844555
     656.3478985990660703       0.9438190702312191
     656.3480987324883245       1.0178235033162903
     656.3482988659105786       1.0370643331423319
     656.3484989993329464       1.0236423090490954
     656.3486991327552005       0.9712302290760748
     656.3488992661774546       0.9258425037524756
     656.3490993995997087       1.0481088500321172
     656.3492995330220765       0.9297013760102880
     656.3494996664443306       0.9575203954779189
     656.3496997998665847       1.0212612820661189
     656.3498999332888388       0.9759046225258132
     656.3501000667112066       0.9903536710442272
     656.3503002001334607       1.0066239787937159
     656.3505003335557149       0.9515983747143846
     656.3507004669779690       0.9632082860047479
     656.3509006004003368       0.9642065946155028
     656.3511007338225909       1.0263721526557787
     656.3513008672448450       0.9499160772250745
     656.3515010006670991       0.9496912020903959
     656.3517011340894669       0.9849135449599051
     656.3519012675117210       0.9549467140841098
     656.3521014009339751       1.0088136038292552
     656.3523015343562292       0.9547212533430669
     656.3525016677785970       0.9243505703221246
     656.3527018012008512       0.9201341982656808
     656.3529019346231053       0.7908954135757885
     656.3531020680453594       0.9525504267198965
     656.3533022014676135       0.8741633418502349
     656.3535023348899813       1.0050229246694589
     656.3537024683122354       0.9365777438881031
     656.3539026017344895       0.9142686352889390
     656.3541027351567436       0.8557162036174715
     656.3543028685791114       0.9276325311735572
     656.3545030020013655       0.7708756902274487
     656.3547031354236196       0.8709644708120190
     656.3549032688458738       0.8530475315010193
     656.3551034022682416       0.8487696911150779
     656.3553035356904957       0.8541729956201451
     656.3555036691127498       0.8801455182182992
     656.3557038025350039       0.7905485392801461
     656.3559039359573717       0.8917721828936102
     656.3561040693796258       0.8626856075780804
     656.3563042028018799       0.8934765120890882
     656.3565043362241340       0.7591064455096151
     656.3567044696465018       0.8163077827323809
     656.3569046030687559       0.8657640242717433
     656.3571047364910100       0.8817455535732575
     656.3573048699132642       0.8414722925743096
     656.3575050033356320       0.8927779719560459
     656.3577051367578861       0.7344439358074784
     656.3579052701801402       0.8239600320550533
     656.3581054036023943       0.7755295967574649
     656.3583055370246484       0.7647772323799737
     656.3585056704470162       0.7583834424643077
     656.3587058038692703       0.8671096576653481
     656.3589059372915244       0.8693068914734682
     656.3591060707137785       0.7541970319509634
     656.3593062041361463       0.8919796077929616
     656.3595063375584004       0.7396589484998373
     656.3597064709806546       0.8264029363915459
     656.3599066044029087       0.8379636338610699
     656.3601067378252765       0.7635254939732126
     656.3603068712475306       0.8561046832350652
     656.3605070046697847       0.8783656132385592
     656.3607071380920388       0.9178637827865195
     656.3609072715144066       0.8834605436606140
     656.3611074049366607       0.8295236213619022
     656.3613075383589148       0.8674305544351781
     656.3615076717811689       0.8082723180329077
     656.3617078052035367       0.7766772940348168
     656.3619079386257908       0.8987249173664142
     656.3621080720480450       0.8647515646589371
     656.3623082054702991       0.9156346924058933
     656.3625083388926669       0.8219269834569225
     656.3627084723149210       0.9044830172455459
     656.3629086057371751       0.8677143748154531
     656.3631087391594292       0.9614486870991423
     656.3633088725817970       0.9328476649168921
     656.3635090060040511       0.9976160353457799
     656.3637091394263052       0.8586464085017658
     656.3639092728485593       0.9291720320623433
     656.3641094062708135       0.8596197238061755
     656.3643095396931813       0.9813503056513952
     656.3645096731154354       0.8504301154918098
     656.3647098065376895       0.9783367462471318
     656.3649099399599436       1.0342074827924406
     656.3651100733823114       0.9890115875562595
     656.3653102068045655       0.9797355939139273
     656.3655103402268196       0.9113482294372743
     656.3657104736490737       1.0710303160053656
     656.3659106070714415       0.9407893440723206
     656.3661107404936956       1.0195002840304328
     656.3663108739159497       0.9767862063886590
     656.3665110073382039       1.0171528651384230
     656.3667111407605717       0.9546954960601176
     656.3669112741828258       1.0306450073790734
     656.3671114076050799       0.9595597212493766
     656.3673115410273340       0.9767183636616042
     656.3675116744497018       0.9653613292401838
     656.3677118078719559       1.0026277326731576
     656.3679119412942100       1.0677256453567889
     656.3681120747164641       0.9895565468063561
     656.3683122081388319       1.0503752265671675
     656.3685123415610860       1.0466828835122148
     656.3687124749833401       1.0720748020757953
     656.3689126084055943       0.9287657745219748
     656.3691127418278484       1.0431630176341322
     656.3693128752502162       0.9362016024881409
     656.3695130086724703       0.9744716811652377
     656.3697131420947244       1.0062015151926698
     656.3699132755169785       0.9347345367689883
     656.3701134089393463       0.9951912396165525
     656.3703135423616004       1.0288383411831186
     656.3705136757838545       0.9873163364282623
     656.3707138092061086       1.0749222242900722
     656.3709139426284764       0.9731265748669546
     656.3711140760507305       0.9617391489533963
     656.3713142094729847       0.9806628910233529
     656.3715143428952388       1.0369959063787668
     656.3717144763176066       1.0491723030654332
     656.3719146097398607       0.9880715807199693
     656.3721147431621148       0.9977399651102515
     656.3723148765843689       0.9908670573838769
     656.3725150100067367       1.0239457652820052
     656.3727151434289908       1.0129631356877349
     656.3729152768512449       1.0590383589275962
     656.3731154102734990       1.0029023359735465
     656.3733155436958668       1.1068467863292097
     656.3735156771181209       0.9972218577716540
     656.3737158105403751       1.0171748936459997
     656.3739159439626292       1.0231401846522750
     656.3741160773849970       1.0188675741246414
     656.3743162108072511       1.0406101556962688
     656.3745163442295052       1.0130086984722100
     656.3747164776517593       0.9699493781910224
     656.3749166110740134       0.9932011124851945
     656.3751167444963812       0.9421487786984167
     656.3753168779186353       1.0140758724802872
     656.3755170113408894       0.9275800574342298
     656.3757171447631436       0.9611890125300303
     656.3759172781855113       0.9853038479700852
     656.3761174116077655       1.0465229373685383
     656.3763175450300196       1.0696425838770058
     656.3765176784522737       1.0173782997824192
     656.3767178118746415       0.9635167884708163
     656.3769179452968956       0.9788164400561375
     656.3771180787191497       1.0725516971053035
     656.3773182121414038       0.9902890861820055
     656.3775183455637716       1.0681129101140148
     656.3777184789860257       1.0243768689438184
     656.3779186124082798       0.9778659522461134
     656.3781187458305340       0.9935751687715305
     656.3783188792529018       1.0223363607617646
     656.3785190126751559       0.9575318835898394
     656.3787191460974100       0.9862470022292651
     656.3789192795196641       0.8812620937215881
     656.3791194129420319       1.0348687519065976
     656.3793195463642860       0.9038702630592375
     656.3795196797865401       1.1105223002907678
     656.3797198132087942       0.9660454353090668
     656.3799199466311620       0.9892149490882168
     656.3801200800534161       0.9145374856785488
     656.3803202134756702       1.0130814766562026
     656.3805203468979244       0.9836423222942180
     656.3807204803201785       1.0063053219691502
     656.3809206137425463       1.0280024353134585
     656.3811207471648004       1.0401253223315574
     656.3813208805870545       1.0757628860889270
     656.3815210140093086       0.9383965922477726
     656.3817211474316764       0.9874634290608169
     656.3819212808539305       1.0082779176218888
     656.3821214142761846       1.0444118134310547
     656.3823215476984387       0.9586631797340291
     656.3825216811208065       1.1058095064430680
     656.3827218145430606       0.9699020081834602
     656.3829219479653148       1.0371377859792075
     656.3831220813875689       1.1123608560940172
     656.3833222148099367       1.0852737491469038
     656.3835223482321908       0.9399987563763161
     656.3837224816544449       0.9494913997468846
     656.3839226150766990       0.9778215993094320
     656.3841227484990668       0.9337131825286114
     656.3843228819213209       1.0332461705274278
     656.3845230153435750       1.0036628207592670
     656.3847231487658291       0.9788515436339023
     656.3849232821881969       1.0776153280571044
     656.3851234156104510       1.0626525282313839
     656.3853235490327052       0.9355394541826042
     656.3855236824549593       0.9919542679283539
     656.3857238158772134       0.9656702615121316
     656.3859239492995812       0.9993949391504522
     656.3861240827218353       0.9525176323849703
     656.3863242161440894       1.0389387123215545
     656.3865243495663435       1.0471245013127151
     656.3867244829887113       0.8957360610330490
     656.3869246164109654       1.0808627903436610
     656.3871247498332195       0.9770357254875180
     656.3873248832554737       1.0565002672362085
     656.3875250166778414       1.0557490997007950
     656.3877251501000956       1.0542569719249073
     656.3879252835223497       0.9119032844896995
     656.3881254169446038       1.0196485240009578
     656.3883255503669716       1.0611247234044505
     656.3885256837892257       0.9600281231103983
     656.3887258172114798       1.0727632567285568
     656.3889259506337339       0.9823545236139857
     656.3891260840561017       0.9451882652937934
     656.3893262174783558       0.9770995974540416
     656.3895263509006099       0.9105174317955771
     656.3897264843228641       0.9922224348410829
     656.3899266177452319       1.0238654594868328
     656.3901267511674860       0.9841732978820739
     656.3903268845897401       1.0316817164421039
     656.3905270180119942       0.9870871240273090
     656.3907271514343620       1.0684050917625409
     656.3909272848566161       0.9477875642478454
     656.3911274182788702       1.0250746458768836
     656.3913275517011243       0.9555182531476015
     656.3915276851233784       0.9934153258800503
     656.3917278185457462       1.0845480188727377
     656.3919279519680003       1.0331938229501247
     656.3921280853902545       0.9785409308969973
     656.3923282188125086       1.0164092984050512
     656.3925283522348764       1.0203059576451778
     656.3927284856571305       0.9594103842973709
     656.3929286190793846       1.0423680506646633
     656.3931287525016387       0.9538435861468315
     656.3933288859240065       1.0892447456717491
     656.3935290193462606       0.9693016465753317
     656.3937291527685147       0.9732569456100464
     656.3939292861907688       0.9914240818470716
     656.3941294196131366       1.0905470177531242
     656.3943295530353907       0.9711212087422609
     656.3945296864576449       0.9450415298342705
     656.3947298198798990       0.9376040920615196
     656.3949299533022668       1.0175518151372671
     656.3951300867245209       1.0328121371567249
     656.3953302201467750       1.0599171295762062
     656.3955303535690291       0.9713481925427914
     656.3957304869913969       1.0505753234028816
     656.3959306204136510       1.0069755935110152
     656.3961307538359051       0.9251808300614357
     656.3963308872581592       1.0195963904261589
     656.3965310206804133       0.9661084599792957
     656.3967311541027811       0.9557716958224773
     656.3969312875250353       1.0470441244542599
     656.3971314209472894       1.0292647369205952
     656.3973315543695435       0.9772340357303619
     656.3975316877919113       0.9536142535507679
     656.3977318212141654       1.0875192210078239
     656.3979319546364195       1.0519528277218342
     656.3981320880586736       1.0510233528912067
     656.3983322214810414       0.9752347636967897
     656.3985323549032955       1.0727925822138786
     656.3987324883255496       1.0047491118311882
     656.3989326217478038       1.0241841897368431
     656.3991327551701715       1.0112624829635024
     656.3993328885924257       0.9743670485913754
     656.3995330220146798       1.0672677159309387
     656.3997331554369339       0.9280574843287468
     656.3999332888593017       1.0185493361204863
     656.4001334222815558       0.9844149276614189
     656.4003335557038099       1.0202689077705145
     656.4005336891260640       0.9178512841463089
     656.4007338225484318       0.9686057567596436
     656.4009339559706859       1.0397686474025249
     656.4011340893929400       0.9918068246915936
     656.4013342228151942       1.0216557551175356
     656.4015343562375620       1.0120822694152594
     656.4017344896598161       0.9754852838814259
     656.4019346230820702       1.0395943634212017
     656.4021347565043243       0.9755722545087337
     656.4023348899265784       1.0061898040585220
     656.4025350233489462       1.0448482297360897
     656.4027351567712003       1.0218615625053644
     656.4029352901934544       0.9989225259050727
     656.4031354236157085       0.9925333028659225
     656.4033355570380763       1.0344013571739197
     656.4035356904603304       0.9649573229253292
     656.4037358238825846       0.9966055296827108
     656.4039359573048387       1.0234560985118151
     656.4041360907272065       1.0658231005072594
     656.4043362241494606       0.9530125148594379
     656.4045363575717147       1.0328032299876213
     656.4047364909939688       1.0051698549650609
     656.4049366244163366       1.0510762445628643
     656.4051367578385907       0.9573968388140202
     656.4053368912608448       0.9622251838445663
     656.4055370246830989       1.1171812340617180
     656.4057371581054667       1.0528487861156464
     656.4059372915277208       1.0225540753453970
     656.4061374249499750       1.0488172136247158
     656.4063375583722291       1.0288718100637197
     656.4065376917945969       0.9472870640456676
     656.4067378252168510       0.9618270918726921
     656.4069379586391051       0.9615485928952694
     656.4071380920613592       0.9388481713831425
     656.4073382254836133       1.0077127278782427
     656.4075383589059811       0.9812628570944071
     656.4077384923282352       1.0842740759253502
     656.4079386257504893       0.9351613596081734
     656.4081387591727434       1.0104649523273110
     656.4083388925951112       0.9683073349297047
     656.4085390260173654       0.9660466797649860
     656.4087391594396195       1.0144404768943787
     656.4089392928618736       0.9068175926804543
     656.4091394262842414       1.0044972575269639
     656.4093395597064955       0.9835409428924322
     656.4095396931287496       0.9847429301589727
     656.4097398265510037       1.0805321037769318
     656.4099399599733715       0.9299770146608353
     656.4101400933956256       0.8401941955089569
     656.4103402268178797       1.0708541199564934
     656.4105403602401339       0.8989551290869713
     656.4107404936625016       1.0037848453503102
     656.4109406270847558       1.0432281121611595
     656.4111407605070099       1.0740043595433235
     656.4113408939292640       1.0477370321750641
     656.4115410273516318       0.9925161590799689
     656.4117411607738859       0.9792355485260487
     656.4119412941961400       1.0794892534613609
     656.4121414276183941       1.0025518618058413
     656.4123415610407619       0.9705892149358988
     656.4125416944630160       1.0203905496746302
     656.4127418278852701       1.0996199399232864
     656.4129419613075243       0.9828717280179262
     656.4131420947297784       1.0443943217396736
     656.4133422281521462       0.9720739182084799
     656.4135423615744003       0.9867247687652707
     656.4137424949966544       1.0787960216403008
     656.4139426284189085       1.0834855660796165
     656.4141427618412763       1.0039307018741965
     656.4143428952635304       1.0692527666687965
     656.4145430286857845       1.0382659770548344
     656.4147431621080386       1.0848125144839287
     656.4149432955304064       1.0109047554433346
     656.4151434289526605       1.0024421482812613
     656.4153435623749147       1.0054082176648080
     656.4155436957971688       1.0108096702024341
     656.4157438292195366       1.0014367349212989
     656.4159439626417907       1.0200274940580130
     656.4161440960640448       1.0161117371171713
     656.4163442294862989       0.9842864554375410
     656.4165443629086667       1.0900026708841324
     656.4167444963309208       1.1157953888177872
     656.4169446297531749       0.9046750962734222
     656.4171447631754290       1.0221346225589514
     656.4173448965977968       1.0171604789793491
     656.4175450300200509       1.0044792084954679
     656.4177451634423051       0.9314132779836655
     656.4179452968645592       0.9665670879185200
     656.4181454302869270       1.0613449476659298
     656.4183455637091811       1.0327856317162514
     656.4185456971314352       0.9844248080626130
     656.4187458305536893       0.9568949714303017
     656.4189459639759434       0.9929364658892155
     656.4191460973983112       0.8983153551816940
     656.4193462308205653       1.0655465647578239
     656.4195463642428194       1.0335681065917015
     656.4197464976650735       0.9762787129729986
     656.4199466310874413       1.0132393660023808
     656.4201467645096955       0.9670446403324604
     656.4203468979319496       0.9553521797060966
     656.4205470313542037       1.0654618442058563
     656.4207471647765715       1.0017050494207069
     656.4209472981988256       0.9688296485692263
     656.4211474316210797       0.9747721906751394
     656.4213475650433338       1.0047929123975337
     656.4215476984657016       0.9683870486915112
     656.4217478318879557       0.9366010203957558
     656.4219479653102098       0.9659166857600212
     656.4221480987324640       0.9898274019360542
     656.4223482321548317       0.9618079327046871
     656.4225483655770859       1.0583657883107662
     656.4227484989993400       0.9624019004404545
     656.4229486324215941       1.0700157955288887
     656.4231487658439619       1.0165465343743563
     656.4233488992662160       1.0298793371766806
     656.4235490326884701       1.0256234686821699
     656.4237491661107242       0.9948521144688129
     656.4239492995329783       1.0748107954859734
     656.4241494329553461       0.9409314095973969
     656.4243495663776002       1.0249784179031849
     656.4245496997998544       1.1314587593078613
     656.4247498332221085       0.9496546685695648
     656.4249499666444763       1.0698367878794670
     656.4251501000667304       1.0585224442183971
     656.4253502334889845       0.9086513891816139
     656.4255503669112386       0.9812786225229502
     656.4257505003336064       1.0467214398086071
     656.4259506337558605       0.9810507167130709
     656.4261507671781146       0.9960755063220859
     656.4263509006003687       1.0180615000426769
     656.4265510340227365       0.9326084405183792
     656.4267511674449906       0.9421873092651367
     656.4269513008672448       1.0880830436944962
     656.4271514342894989       1.0353810228407383
     656.4273515677118667       1.0493727512657642
     656.4275517011341208       1.0162777211517096
     656.4277518345563749       1.0362460911273956
     656.4279519679786290       0.9654577486217022
     656.4281521014009968       0.9888283768668771
     656.4283522348232509       0.9855216974392533
     656.4285523682455050       0.9909868035465479
     656.4287525016677591       0.9902629815042019
     656.4289526350901269       1.0981366261839867
     656.4291527685123810       1.0519635677337646
     656.4293529019346352       0.9767094794660807
     656.4295530353568893       1.0458226799964905
     656.4297531687791434       1.0710741728544235
     656.4299533022015112       0.9420993663370609
     656.4301534356237653       0.9613322541117668
     656.4303535690460194       0.9758660197257996
     656.4305537024682735       0.9861346706748009
     656.4307538358906413       0.9265404716134071
     656.4309539693128954       0.9577349238097668
     656.4311541027351495       1.0422381348907948
     656.4313542361574036       1.0207215603441000
     656.4315543695797714       0.9447456337511539
     656.4317545030020256       1.0302606914192438
     656.4319546364242797       0.9525801613926888
     656.4321547698465338       0.9259943291544914
     656.4323549032689016       0.9908614754676819
     656.4325550366911557       0.9927547387778759
     656.4327551701134098       0.9305941760540009
     656.4329553035356639       0.9334501400589943
     656.4331554369580317       1.0787748619914055
     656.4333555703802858       0.8978758230805397
     656.4335557038025399       0.9369360953569412
     656.4337558372247940       1.0464529991149902
     656.4339559706471618       0.9105465188622475
     656.4341561040694160       0.9376614987850189
     656.4343562374916701       1.0961789935827255
     656.4345563709139242       0.9853657511994243
     656.4347565043361783       0.9725811835378408
     656.4349566377585461       1.0786191746592522
     656.4351567711808002       1.0570564456284046
     656.4353569046030543       0.9886036021634936
     656.4355570380253084       0.9835074916481972
     656.4357571714476762       1.0396950058639050
     656.4359573048699303       1.0055543389171362
     656.4361574382921845       0.9852380109950900
     656.4363575717144386       1.0221995394676924
     656.4365577051368064       0.9822699129581451
     656.4367578385590605       1.0309581607580185
     656.4369579719813146       1.0021307743154466
     656.4371581054035687       0.9730726648122072
     656.4373582388259365       1.0951821208000183
     656.4375583722481906       1.0210740379989147
     656.4377585056704447       1.0425683818757534
     656.4379586390926988       1.0523213446140289
     656.4381587725150666       0.9862500084564090
     656.4383589059373207       1.0197637844830751
     656.4385590393595749       0.9611490927636623
     656.4387591727818290       0.9927132464945316
     656.4389593062041968       1.0507366955280304
     656.4391594396264509       0.9903070926666260
     656.4393595730487050       0.9573817700147629
     656.4395597064709591       1.0634758993983269
     656.4397598398933269       1.0521384775638580
     656.4399599733155810       0.9161070957779884
     656.4401601067378351       0.9602644555270672
     656.4403602401600892       1.0903590023517609
     656.4405603735823433       0.9991129894624464
     656.4407605070047111       1.0422287397086620
     656.4409606404269653       0.9368751645088196
     656.4411607738492194       0.9754286706447601
     656.4413609072714735       0.9860959872603416
     656.4415610406938413       0.9683218188583851
     656.4417611741160954       0.9984113553073257
     656.4419613075383495       1.0196614637970924
     656.4421614409606036       1.0744453743100166
     656.4423615743829714       0.9757463037967682
     656.4425617078052255       1.0633488297462463
     656.4427618412274796       0.9404831863939762
     656.4429619746497337       0.9863154469057918
     656.4431621080721015       1.0380562730133533
     656.4433622414943557       0.9887249702587724
     656.4435623749166098       1.0597572326660156
     656.4437625083388639       0.9822160471230745
     656.4439626417612317       1.0810796394944191
     656.4441627751834858       0.9830723274499178
     656.4443629086057399       0.9599499963223934
     656.4445630420279940       1.0031000913586468
     656.4447631754503618       0.9712600056082010
     656.4449633088726159       1.0202374402433634
     656.4451634422948700       1.0584081411361694
     656.4453635757171241       1.0977102741599083
     656.4455637091393783       1.0901890918612480
     656.4457638425617461       0.8844767063856125
     656.4459639759840002       0.9727581199258566
     656.4461641094062543       1.0283475667238235
     656.4463642428285084       1.0482449568808079
     656.4465643762508762       1.0499121025204659
     656.4467645096731303       0.9861507741734385
     656.4469646430953844       1.0196983963251114
     656.4471647765176385       0.9481238909065723
     656.4473649099400063       1.0240522492676973
     656.4475650433622604       1.0066823414526880
     656.4477651767845146       0.9952044552192092
     656.4479653102067687       0.9679740816354752
     656.4481654436291365       0.9909220896661282
     656.4483655770513906       0.9821433313190937
     656.4485657104736447       1.0790893286466599
     656.4487658438958988       0.9396860189735889
     656.4489659773182666       0.9441251382231712
     656.4491661107405207       1.0463003925979137
     656.4493662441627748       1.0379859171807766
     656.4495663775850289       0.9761204347014427
     656.4497665110073967       1.0529447160661221
     656.4499666444296508       1.0270671136677265
     656.4501667778519050       0.9272659048438072
     656.4503669112741591       0.8394005447626114
     656.4505670446965269       0.9762145578861237
     656.4507671781187810       0.9877709643915296
     656.4509673115410351       0.9610062576830387
     656.4511674449632892       1.0575006715953350
     656.4513675783855433       1.0728431269526482
     656.4515677118079111       1.0293947812169790
     656.4517678452301652       1.0095492061227560
     656.4519679786524193       0.9648604467511177
     656.4521681120746734       0.9305637329816818
     656.4523682454970412       0.9992148075834848
     656.4525683789192954       0.9753723777830601
     656.4527685123415495       1.0287081990391016
     656.4529686457638036       0.9724499881267548
     656.4531687791861714       0.9349612593650818
     656.4533689126084255       1.0548295341432095
     656.4535690460306796       1.0465202294290066
     656.4537691794529337       1.0129227135330439
     656.4539693128753015       0.9934961800463498
     656.4541694462975556       1.0207861252129078
     656.4543695797198097       0.9255207404494286
     656.4545697131420638       0.9719026647508144
     656.4547698465644316       0.9521946795284748
     656.4549699799866858       1.0067904614843428
     656.4551701134089399       1.0693870708346367
     656.4553702468311940       0.9623228907585144
     656.4555703802535618       1.0251663364470005
     656.4557705136758159       1.0321479290723801
     656.4559706470980700       1.0445735976099968
     656.4561707805203241       1.0390283726155758
     656.4563709139425782       0.9387877099215984
     656.4565710473649460       0.9923350438475609
     656.4567711807872001       0.9617578014731407
     656.4569713142094542       0.9839194212108850
     656.4571714476317084       1.0696118548512459
     656.4573715810540762       0.9942410704679787
     656.4575717144763303       1.0267765615135431
     656.4577718478985844       1.0222119223326445
     656.4579719813208385       0.9409042522311211
     656.4581721147432063       1.0226043295115232
     656.4583722481654604       0.9944320921786129
     656.4585723815877145       1.0218767300248146
     656.4587725150099686       0.9471613392233849
     656.4589726484323364       0.9728746954351664
     656.4591727818545905       0.9923849725164473
     656.4593729152768447       1.0423439256846905
     656.4595730486990988       0.9963454871904105
     656.4597731821214666       0.9469965435564518
     656.4599733155437207       0.9590601027011871
     656.4601734489659748       0.9021023884415627
     656.4603735823882289       1.0344885513186455
     656.4605737158105967       1.0050279535353184
     656.4607738492328508       0.9810927994549274
     656.4609739826551049       1.0170195754617453
     656.4611741160773590       1.0430017784237862
     656.4613742494997268       1.0352423638105392
     656.4615743829219809       1.0049128774553537
     656.4617745163442351       0.9552992954850197
     656.4619746497664892       1.0344051159918308
     656.4621747831887433       1.0113143026828766
     656.4623749166111111       0.9392387755215168
     656.4625750500333652       1.0256066303700209
     656.4627751834556193       0.9326872304081917
     656.4629753168778734       1.0161204095929861
     656.4631754503002412       0.9469430148601532
     656.4633755837224953       1.0439745895564556
     656.4635757171447494       0.9779161009937525
     656.4637758505670035       1.0434308052062988
     656.4639759839893713       1.0509428940713406
     656.4641761174116255       0.9911941913887858
     656.4643762508338796       0.9653733409941196
     656.4645763842561337       1.0722764953970909
     656.4647765176785015       1.0171286519616842
     656.4649766511007556       0.9947140067815781
     656.4651767845230097       0.9044812098145485
     656.4653769179452638       0.9745468292385340
     656.4655770513676316       1.0263160075992346
     656.4657771847898857       0.9736668523401022
     656.4659773182121398       0.9563304223120213
     656.4661774516343939       0.9660579450428486
     656.4663775850567617       1.0822251960635185
     656.4665777184790159       1.0450457930564880
     656.4667778519012700       1.0051385825499892
     656.4669779853235241       0.8899485319852829
     656.4671781187458919       1.0301825199276209
     656.4673782521681460       0.9495157487690449
     656.4675783855904001       0.9695594105869532
     656.4677785190126542       0.9753555748611689
     656.4679786524349083       0.9845178555697203
     656.4681787858572761       1.0527590624988079
     656.4683789192795302       1.0022522304207087
     656.4685790527017843       1.0407207682728767
     656.4687791861240385       1.0460314080119133
     656.4689793195464063       1.0042136623524129
     656.4691794529686604       0.9205351248383522
     656.4693795863909145       0.9645813219249249
     656.4695797198131686       1.0762512236833572
     656.4697798532355364       0.9747382570058107
     656.4699799866577905       1.1406419873237610
     656.4701801200800446       1.0603305473923683
     656.4703802535022987       0.8737170845270157
     656.4705803869246665       0.9752051346004009
     656.4707805203469206       1.0419814698398113
     656.4709806537691748       1.0344371348619461
     656.4711807871914289       0.9704307280480862
     656.4713809206137967       1.0638480633497238
     656.4715810540360508       1.0157961212098598
     656.4717811874583049       0.9737731087952852
     656.4719813208805590       1.0289368126541376
     656.4721814543029268       1.0087774274870753
     656.4723815877251809       0.9901671046391129
     656.4725817211474350       0.9871294945478439
     656.4727818545696891       1.0160250775516033
     656.4729819879919432       1.0569175072014332
     656.4731821214143110       0.9906524661928415
     656.4733822548365652       1.0706231072545052
     656.4735823882588193       1.0239581465721130
     656.4737825216810734       1.0145595436915755
     656.4739826551034412       1.0711610540747643
     656.4741827885256953       0.9812967721372843
     656.4743829219479494       1.0561925470829010
     656.4745830553702035       0.9484693631529808
     656.4747831887925713       1.0610367059707642
     656.4749833222148254       1.0009206954273395
     656.4751834556370795       1.0685363337397575
     656.4753835890593336       0.9805566016584635
     656.4755837224817014       0.9571130052208900
     656.4757838559039556       0.9721283186227083
     656.4759839893262097       1.0195450223982334
     656.4761841227484638       1.0629661306738853
     656.4763842561708316       0.9572408385574818
     656.4765843895930857       1.0298192296177149
     656.4767845230153398       1.0503703020513058
     656.4769846564375939       0.9793293848633766
     656.4771847898599617       0.9580939747393131
     656.4773849232822158       0.9182677641510963
     656.4775850567044699       0.9545591361820698
     656.4777851901267240       1.0538183115422726
     656.4779853235490918       0.9902578899636865
     656.4781854569713460       1.0964416787028313
     656.4783855903936001       1.0047432249411941
     656.4785857238158542       0.9638001732528210
     656.4787858572381083       1.0985099226236343
     656.4789859906604761       0.9515380933880806
     656.4791861240827302       1.0405620820820332
     656.4793862575049843       0.9183187857270241
     656.4795863909272384       0.9367056339979172
     656.4797865243496062       1.0875901505351067
     656.4799866577718603       1.0005424026167020
     656.4801867911941144       1.0110746193677187
     656.4803869246163686       0.8805316761136055
     656.4805870580387364       1.0477142967283726
     656.4807871914609905       0.9676862694323063
     656.4809873248832446       0.9936691187322140
     656.4811874583054987       0.9743910878896713
     656.4813875917278665       0.8991582244634628
     656.4815877251501206       0.9498232193291187
     656.4817878585723747       0.9444261230528355
     656.4819879919946288       0.9424917288124561
     656.4821881254169966       1.0044094412587583
     656.4823882588392507       1.0103372661396861
     656.4825883922615049       1.0210101772099733
     656.4827885256837590       1.0304369423538446
     656.4829886591061268       1.0012952969409525
     656.4831887925283809       0.9276502728462219
     656.4833889259506350       0.9107140824198723
     656.4835890593728891       1.0673232227563858
     656.4837891927951432       1.0818898305296898
     656.4839893262175110       1.0734651237726212
     656.4841894596397651       0.9324978664517403
     656.4843895930620192       1.0104469051584601
     656.4845897264842733       0.9826478138566017
     656.4847898599066411       1.0314352922141552
     656.4849899933288953       0.9891377435997128
     656.4851901267511494       1.0373951792716980
     656.4853902601734035       0.9129686653614044
     656.4855903935957713       1.0611883960664272
     656.4857905270180254       1.0225324779748917
     656.4859906604402795       0.9529716596007347
     656.4861907938625336       0.8966985791921616
     656.4863909272849014       1.0013056595344096
     656.4865910607071555       1.0897767916321754
     656.4867911941294096       1.0442166440188885
     656.4869913275516637       1.0226628389209509
     656.4871914609740315       1.0216019526124001
     656.4873915943962857       0.9719706270843744
     656.4875917278185398       0.9634268507361412
     656.4877918612407939       0.9600530192255974
     656.4879919946631617       1.0308822337538004
     656.4881921280854158       1.0139796389266849
     656.4883922615076699       1.0618576705455780
     656.4885923949299240       1.0957864597439766
     656.4887925283522918       1.0052028545178473
     656.4889926617745459       0.9334374144673347
     656.4891927951968000       0.9781124275177717
     656.4893929286190541       0.9510320983827114
     656.4895930620413083       1.0053704604506493
     656.4897931954636761       0.9993223097990267
     656.4899933288859302       0.9619876965880394
     656.4901934623081843       0.9821147602051497
     656.4903935957304384       1.0207103490829468
     656.4905937291528062       1.0076726847328246
     656.4907938625750603       0.8866906613111496
     656.4909939959973144       0.9736846257001162
     656.4911941294195685       1.0589190423488617
     656.4913942628419363       1.0847403109073639
     656.4915943962641904       0.9629468023777008
     656.4917945296864445       1.0758286416530609
     656.4919946631086987       1.0036267400719225
     656.4921947965310665       1.0212132614105940
     656.4923949299533206       0.9983313587727025
     656.4925950633755747       1.0347131751477718
     656.4927951967978288       1.0498294495046139
     656.4929953302201966       1.0034161109942943
     656.4931954636424507       1.0047067436389625
     656.4933955970647048       1.1316453069448471
     656.4935957304869589       0.9882701486349106
     656.4937958639093267       1.1014937907457352
     656.4939959973315808       0.9570464342832565
     656.4941961307538350       0.9659308008849621
     656.4943962641760891       0.9173416346311569
     656.4945963975983432       0.8811326026916504
     656.4947965310207110       0.9221687242388725
     656.4949966644429651       1.0228727553039789
     656.4951967978652192       0.9286227077245712
     656.4953969312874733       0.9141493067145348
     656.4955970647098411       1.0430986993014812
     656.4957971981320952       1.0340901426970959
     656.4959973315543493       1.0294705685228109
     656.4961974649766034       1.0634637922048569
     656.4963975983989712       0.9787478111684322
     656.4965977318212254       0.9908563653007150
     656.4967978652434795       0.9759497791528702
     656.4969979986657336       0.9311473965644836
     656.4971981320881014       1.0359130017459393
     656.4973982655103555       1.0312535129487514
     656.4975983989326096       0.9893185682594776
     656.4977985323548637       1.0603411272168159
     656.4979986657772315       0.9651427119970322
     656.4981987991994856       0.9788809642195702
     656.4983989326217397       1.0060275602154434
     656.4985990660439938       1.0466936379671097
     656.4987991994663616       1.0539822950959206
     656.4989993328886158       1.0010409055976197
     656.4991994663108699       0.9745829459279776
     656.4993995997331240       1.0214615613222122
     656.4995997331554918       0.9471055269241333
     656.4997998665777459       0.9158329665660858
     656.5000000000000000       0.9606973268091679
