     656.2000000000000455       0.9926081285811961
     656.2002001334222996       0.9758459925651550
     656.2004002668445537       0.9993205489590764
     656.2006004002669215       1.0830194205045700
     656.2008005336891756       0.9966994165442884
     656.2010006671114297       1.0275307931005955
     656.2012008005336838       1.0168449655175209
     656.2014009339560516       1.0281922258436680
     656.2016010673783057       0.9665102697908878
     656.2018012008005599       1.0464916937053204
     656.2020013342228140       1.0873706415295601
     656.2022014676451818       0.9716506171971560
     656.2024016010674359       1.0403446964919567
     656.2026017344896900       1.0468452051281929
     656.2028018679119441       0.9995100682717748
     656.2030020013343119       1.0372010543942451
     656.2032021347565660       1.0134282922372222
     656.2034022681788201       1.0050801681354642
     656.2036024016010742       1.0159891676157713
     656.2038025350234420       1.0440351329743862
     656.2040026684456961       1.0424392893910408
     656.2042028018679503       0.9593916125595570
     656.2044029352902044       0.9703920148313046
     656.2046030687125722       1.0636803656816483
     656.2048032021348263       0.9760608319193125
     656.2050033355570804       0.9370089098811150
     656.2052034689793345       1.0770249217748642
     656.2054036024017023       1.1028209254145622
     656.2056037358239564       1.0036751159932464
     656.2058038692462105       0.9694588631391525
     656.2060040026684646       1.0783856585621834
     656.2062041360907187       1.0320555903017521
     656.2064042695130865       0.8991293311119080
     656.2066044029353407       0.9855987159535289
     656.2068045363575948       1.0294669717550278
     656.2070046697798489       1.1041231751441956
     656.2072048032022167       0.9816998206079006
     656.2074049366244708       1.0601997785270214
     656.2076050700467249       1.0026261627208441
     656.2078052034689790       1.0091109191998839
     656.2080053368913468       1.0253038313239813
     656.2082054703136009       1.0250439401715994
     656.2084056037358550       1.0034735538065434
     656.2086057371581092       1.0887306183576584
     656.2088058705804769       0.9301027432084084
     656.2090060040027311       0.9572213180363178
     656.2092061374249852       0.9031532704830170
     656.2094062708472393       0.9556679464876652
     656.2096064042696071       1.0123594598844647
     656.2098065376918612       0.9593004770576954
     656.2100066711141153       0.9802288580685854
     656.2102068045363694       1.0047985105775297
     656.2104069379587372       0.9871018482372165
     656.2106070713809913       0.9788203742355108
     656.2108072048032454       1.0050032935105264
     656.2110073382254996       1.0143594667315483
     656.2112074716477537       1.0127690434455872
     656.2114076050701215       1.0212340708822012
     656.2116077384923756       0.9979117468465120
     656.2118078719146297       0.9787229895591736
     656.2120080053368838       0.9888749392703176
     656.2122081387592516       0.9287594333291054
     656.2124082721815057       0.9642303027212620
     656.2126084056037598       1.0247744731605053
     656.2128085390260139       1.1001901179552078
     656.2130086724483817       1.0474530607461929
     656.2132088058706358       0.9893128816038370
     656.2134089392928900       0.9644745327532291
     656.2136090727151441       0.9647278338670731
     656.2138092061375119       1.0488077737390995
     656.2140093395597660       1.0303308125585318
     656.2142094729820201       0.9558997750282288
     656.2144096064042742       1.0182901080697775
     656.2146097398266420       1.0257315095514059
     656.2148098732488961       0.9738295376300812
     656.2150100066711502       1.0278072562068701
     656.2152101400934043       1.0751770064234734
     656.2154102735157721       1.0118767907842994
     656.2156104069380262       0.9990344744292088
     656.2158105403602804       1.0301162898540497
     656.2160106737825345       1.0494478791952133
     656.2162108072049023       1.0234489198774099
     656.2164109406271564       1.0516878627240658
     656.2166110740494105       1.0065599144436419
     656.2168112074716646       1.0481259524822235
     656.2170113408939187       1.0469523072242737
     656.2172114743162865       1.0010901596397161
     656.2174116077385406       1.0489170290529728
     656.2176117411607947       1.0607826225459576
     656.2178118745830488       0.9787946417927742
     656.2180120080054166       0.9433220960199833
     656.2182121414276708       1.0438745878636837
     656.2184122748499249       0.9096829667687416
     656.2186124082721790       1.0231824871152639
     656.2188125416945468       0.9187389984726906
     656.2190126751168009       0.9083558320999146
     656.2192128085390550       0.9861347954720259
     656.2194129419613091       0.9712232314050198
     656.2196130753836769       0.9620977006852627
     656.2198132088059310       1.0480932928621769
     656.2200133422281851       1.0162066146731377
     656.2202134756504392       1.1269974410533905
     656.2204136090728070       0.9903763234615326
     656.2206137424950612       1.0264645256102085
     656.2208138759173153       1.0431321114301682
     656.2210140093395694       1.0774248316884041
     656.2212141427619372       1.0125702088698745
     656.2214142761841913       1.0795611515641212
     656.2216144096064454       1.0080913156270981
     656.2218145430286995       1.0069211944937706
     656.2220146764509536       0.9540099203586578
     656.2222148098733214       1.0889226421713829
     656.2224149432955755       0.9247422590851784
     656.2226150767178297       0.9337707757949829
     656.2228152101400838       0.9408132731914520
     656.2230153435624516       0.9803281221538782
     656.2232154769847057       0.9558597318828106
     656.2234156104069598       0.9846618501469493
     656.2236157438292139       0.9756176955997944
     656.2238158772515817       0.9717080052942038
     656.2240160106738358       1.0762471854686737
     656.2242161440960899       0.9652862139046192
     656.2244162775183440       0.9629728309810162
     656.2246164109407118       1.0269722342491150
     656.2248165443629659       0.9088777676224709
     656.2250166777852201       0.9911827649921179
     656.2252168112074742       0.9253740161657333
     656.2254169446298420       0.9359929561614990
     656.2256170780520961       0.9785142932087183
     656.2258172114743502       1.0276221390813589
     656.2260173448966043       1.0544894821941853
     656.2262174783189721       1.0705078989267349
     656.2264176117412262       1.0483992062509060
     656.2266177451634803       1.0470279715955257
     656.2268178785857344       1.0033170920796692
     656.2270180120081022       0.9860021891072392
     656.2272181454303563       0.9676080793142319
     656.2274182788526105       1.0498203299939632
     656.2276184122748646       1.0017541062552482
     656.2278185456971187       1.0252404455095530
     656.2280186791194865       0.8538725376129150
     656.2282188125417406       1.0039303801022470
     656.2284189459639947       0.9626735933125019
     656.2286190793862488       0.9629413969814777
     656.2288192128086166       1.0153680834919214
     656.2290193462308707       0.9570680633187294
     656.2292194796531248       1.0227651167660952
     656.2294196130753789       0.9523851051926613
     656.2296197464977467       0.9389759637415409
     656.2298198799200009       0.9948277631774545
     656.2300200133422550       1.0090143671259284
     656.2302201467645091       1.0802967771887779
     656.2304202801868769       0.9359674975275993
     656.2306204136091310       1.0180477425456047
     656.2308205470313851       1.0058137862943113
     656.2310206804536392       1.0718554481863976
     656.2312208138760070       1.0355408117175102
     656.2314209472982611       1.0594675727188587
     656.2316210807205152       0.9876316450536251
     656.2318212141427693       1.0270797591656446
     656.2320213475651371       0.9909344632178545
     656.2322214809873913       0.9411316625773907
     656.2324216144096454       1.0255210231989622
     656.2326217478318995       0.9492901563644409
     656.2328218812541536       1.0059871706180274
     656.2330220146765214       1.0028501211199909
     656.2332221480987755       0.9274435192346573
     656.2334222815210296       1.1070909276604652
     656.2336224149432837       1.0908326879143715
     656.2338225483656515       0.9806519821286201
     656.2340226817879056       0.9490604288876057
     656.2342228152101598       1.0543253794312477
     656.2344229486324139       1.0308388974517584
     656.2346230820547817       1.0846936702728271
     656.2348232154770358       1.0490389578044415
     656.2350233488992899       1.0165299959480762
     656.2352234823215440       1.0750283524394035
     656.2354236157439118       0.9487236849963665
     656.2356237491661659       0.9650952406227589
     656.2358238825884200       1.0115841357037425
     656.2360240160106741       1.0036845628637820
     656.2362241494330419       1.0146411331370473
     656.2364242828552960       1.0499914847314358
     656.2366244162775502       1.0211814381182194
     656.2368245496998043       1.0687880665063858
     656.2370246831221721       0.9501669965684414
     656.2372248165444262       0.9305172339081764
     656.2374249499666803       0.9530330710113049
     656.2376250833889344       1.0379347763955593
     656.2378252168113022       1.0595792606472969
     656.2380253502335563       0.9834876414388418
     656.2382254836558104       1.0333405882120132
     656.2384256170780645       1.0890267342329025
     656.2386257505003186       0.9648953936994076
     656.2388258839226864       0.9862122815102339
     656.2390260173449406       1.0209144484251738
     656.2392261507671947       1.0366815142333508
     656.2394262841894488       1.0294413994997740
     656.2396264176118166       1.0200695414096117
     656.2398265510340707       1.0108909448608756
     656.2400266844563248       1.0247203819453716
     656.2402268178785789       0.8963977769017220
     656.2404269513009467       0.9726930074393749
     656.2406270847232008       1.0321426540613174
     656.2408272181454549       1.0407476574182510
     656.2410273515677090       0.9128687605261803
     656.2412274849900768       0.9477554149925709
     656.2414276184123310       1.0725060552358627
     656.2416277518345851       0.9877212466672063
     656.2418278852568392       0.9944013296626508
     656.2420280186792070       1.0042581688612700
     656.2422281521014611       1.0437514856457710
     656.2424282855237152       0.9312884733080864
     656.2426284189459693       0.9512495733797550
     656.2428285523683371       1.0269262641668320
     656.2430286857905912       0.9004591479897499
     656.2432288192128453       0.9396242722868919
     656.2434289526350994       1.0334330350160599
     656.2436290860574672       1.0118648353964090
     656.2438292194797214       1.0262065958231688
     656.2440293529019755       0.9441547095775604
     656.2442294863242296       0.9936141432262957
     656.2444296197464837       0.9614053852856159
     656.2446297531688515       1.0752884373068810
     656.2448298865911056       1.0582260079681873
     656.2450300200133597       0.9318962171673775
     656.2452301534356138       0.9986060824012384
     656.2454302868579816       0.9997299416863825
     656.2456304202802357       0.9894737433642149
     656.2458305537024899       0.9800487384200096
     656.2460306871247440       1.0239356532692909
     656.2462308205471118       0.9728548098355532
     656.2464309539693659       0.9250141233205795
     656.2466310873916200       1.0786134153604507
     656.2468312208138741       0.9684376157820225
     656.2470313542362419       0.9191652610898018
     656.2472314876584960       1.0011535990051925
     656.2474316210807501       1.0496161542832851
     656.2476317545030042       1.1888591498136520
     656.2478318879253720       0.9465728029608727
     656.2480320213476261       0.9317778125405312
     656.2482321547698803       1.0420213416218758
     656.2484322881921344       1.0192255135625601
     656.2486324216145022       1.0220357272773981
     656.2488325550367563       0.9428272880613804
     656.2490326884590104       0.9821073338389397
     656.2492328218812645       0.9331250861287117
     656.2494329553035186       1.0477452389895916
     656.2496330887258864       1.0763726755976677
     656.2498332221481405       0.9861924974247813
     656.2500333555703946       1.0327977836132050
     656.2502334889926487       1.0261215809732676
     656.2504336224150165       1.0370428673923016
     656.2506337558372707       0.9804442785680294
     656.2508338892595248       1.0173999462276697
     656.2510340226817789       1.0361965373158455
     656.2512341561041467       0.9205015823245049
     656.2514342895264008       0.9681347794830799
     656.2516344229486549       1.0645653828978539
     656.2518345563709090       1.0768517628312111
     656.2520346897932768       0.9990438887034543
     656.2522348232155309       1.0030738764908165
     656.2524349566377850       0.9929488995112479
     656.2526350900600391       1.0289597120136023
     656.2528352234824069       1.0473723225295544
     656.2530353569046611       0.9763135276734829
     656.2532354903269152       1.0408647805452347
     656.2534356237491693       0.9761748556047678
     656.2536357571715371       1.0782349035143852
     656.2538358905937912       1.0246229972690344
     656.2540360240160453       0.9641511589288712
     656.2542361574382994       0.9949369034729898
     656.2544362908606672       0.9309907183051109
     656.2546364242829213       0.9521893858909607
     656.2548365577051754       1.0156787168234587
     656.2550366911274295       0.9809578824788332
     656.2552368245496837       1.0111958701163530
     656.2554369579720515       1.0707658380270004
     656.2556370913943056       1.0495215840637684
     656.2558372248165597       1.0625763759016991
     656.2560373582388138       1.0542361512780190
     656.2562374916611816       1.0766375809907913
     656.2564376250834357       1.0152035159990191
     656.2566377585056898       0.9002124443650246
     656.2568378919279439       0.9947337461635470
     656.2570380253503117       1.0040699257515371
     656.2572381587725658       1.0722602531313896
     656.2574382921948200       0.9700727462768555
     656.2576384256170741       0.9777833633124828
     656.2578385590394419       0.9569802805781364
     656.2580386924616960       1.0460160039365292
     656.2582388258839501       0.9175025299191475
     656.2584389593062042       1.0514308884739876
     656.2586390927285720       1.0591236464679241
     656.2588392261508261       0.9629782997071743
     656.2590393595730802       1.0044120969250798
     656.2592394929953343       1.0490030795335770
     656.2594396264177021       0.9997510073008016
     656.2596397598399562       0.9782590884715319
     656.2598398932622104       0.9225079044699669
     656.2600400266844645       1.0078295916318893
     656.2602401601067186       0.9739414267241955
     656.2604402935290864       1.0677071809768677
     656.2606404269513405       1.0620399825274944
     656.2608405603735946       1.0486173145473003
     656.2610406937958487       0.9237705841660500
     656.2612408272182165       1.0317903310060501
     656.2614409606404706       0.9498702026903629
     656.2616410940627247       1.0417884849011898
     656.2618412274849788       1.0160541962832212
     656.2620413609073466       0.9675641730427742
     656.2622414943296008       1.0176732167601585
     656.2624416277518549       1.0187774877995253
     656.2626417611741090       0.9307220652699471
     656.2628418945964768       1.0249290596693754
     656.2630420280187309       1.0495812334120274
     656.2632421614409850       0.9477341584861279
     656.2634422948632391       0.9596754051744938
     656.2636424282856069       1.0990466699004173
     656.2638425617078610       0.9743633978068829
     656.2640426951301151       1.0061329500749707
     656.2642428285523692       0.9648604281246662
     656.2644429619747370       1.0252655278891325
     656.2646430953969912       0.9665081836283207
     656.2648432288192453       1.0649276524782181
     656.2650433622414994       1.0009579841862433
     656.2652434956638672       1.0096803326159716
     656.2654436290861213       1.0895461067557335
     656.2656437625083754       0.9369298592209816
     656.2658438959306295       0.9996799934015144
     656.2660440293528836       0.9963505808264017
     656.2662441627752514       1.0568556860089302
     656.2664442961975055       1.0870005041360855
     656.2666444296197596       1.0400206409394741
     656.2668445630420138       0.9338789433240891
     656.2670446964643816       1.0131131606176496
     656.2672448298866357       1.0247073657810688
     656.2674449633088898       0.9583111479878426
     656.2676450967311439       0.9898647228255868
     656.2678452301535117       0.9576151482760906
     656.2680453635757658       1.0175348278135061
     656.2682454969980199       0.9488811008632183
     656.2684456304202740       0.9914267398416996
     656.2686457638426418       0.8873543143272400
     656.2688458972648959       0.9851486533880234
     656.2690460306871501       0.9503610096871853
     656.2692461641094042       0.9800984542816877
     656.2694462975317720       0.9589993059635162
     656.2696464309540261       1.0187160577625036
     656.2698465643762802       0.9983725264901295
     656.2700466977985343       0.9440412260591984
     656.2702468312209021       0.8791790083050728
     656.2704469646431562       0.9832306709140539
     656.2706470980654103       0.9967745665926486
     656.2708472314876644       1.0458416044712067
     656.2710473649099185       1.0314201414585114
     656.2712474983322863       1.0382190272212029
     656.2714476317545405       0.9585456363856792
     656.2716477651767946       1.0471023060381413
     656.2718478985990487       0.9464907683432102
     656.2720480320214165       0.9831620343029499
     656.2722481654436706       1.0225924365222454
     656.2724482988659247       0.9600333981215954
     656.2726484322881788       1.0007990466547199
     656.2728485657105466       1.0611965619027615
     656.2730486991328007       0.9585776105523109
     656.2732488325550548       1.0062763788737357
     656.2734489659773089       0.9091470837593079
     656.2736490993996767       1.0296933781355619
     656.2738492328219309       0.9022692069411278
     656.2740493662441850       1.0384211502969265
     656.2742494996664391       0.9219337776303291
     656.2744496330888069       1.0325611904263496
     656.2746497665110610       0.9693327937275171
     656.2748498999333151       1.0088882036507130
     656.2750500333555692       1.0231516808271408
     656.2752501667779370       1.0415842831134796
     656.2754503002001911       0.9976825697813183
     656.2756504336224452       1.0721455663442612
     656.2758505670446993       0.9836843144148588
     656.2760507004670671       0.9682588651776314
     656.2762508338893213       1.1310287863016129
     656.2764509673115754       1.0377906225621700
     656.2766511007338295       1.0010571229504421
     656.2768512341560836       0.9912951337173581
     656.2770513675784514       0.9892678726464510
     656.2772515010007055       0.9982735478552058
     656.2774516344229596       0.9331947639584541
     656.2776517678452137       0.9083045497536659
     656.2778519012675815       0.9745726287364960
     656.2780520346898356       0.9304453805088997
     656.2782521681120897       1.0291683655232191
     656.2784523015343439       1.0062966011464596
     656.2786524349567117       1.0498398244380951
     656.2788525683789658       0.9095542207360268
     656.2790527018012199       0.9908550726249814
     656.2792528352234740       1.0236853901296854
     656.2794529686458418       0.9069616794586182
     656.2796531020680959       0.9798040632158518
     656.2798532354903500       1.0356859490275383
     656.2800533689126041       0.9395166225731373
     656.2802535023349719       0.9700457993894815
     656.2804536357572260       0.9677783399820328
     656.2806537691794802       0.9771611038595438
     656.2808539026017343       0.9240562096238136
     656.2810540360241021       0.9244847446680069
     656.2812541694463562       1.0090902177616954
     656.2814543028686103       0.9819563739001751
     656.2816544362908644       1.0394916161894798
     656.2818545697131185       1.0099780270829797
     656.2820547031354863       1.0372324213385582
     656.2822548365577404       1.0041684950701892
     656.2824549699799945       1.0565353631973267
     656.2826551034022486       1.0345694981515408
     656.2828552368246164       1.0387995690107346
     656.2830553702468706       1.0199112799018621
     656.2832555036691247       1.0496388785541058
     656.2834556370913788       0.9893020242452621
     656.2836557705137466       1.0580371990799904
     656.2838559039360007       1.0455017499625683
     656.2840560373582548       1.0657161995768547
     656.2842561707805089       1.0147434044629335
     656.2844563042028767       0.9144790843129158
     656.2846564376251308       1.0659057945013046
     656.2848565710473849       1.0387556254863739
     656.2850567044696390       1.0099896183237433
     656.2852568378920068       1.1019992753863335
     656.2854569713142610       0.9824074376374483
     656.2856571047365151       1.0016011797124520
     656.2858572381587692       0.9948707637377083
     656.2860573715811370       1.0798050239682198
     656.2862575050033911       0.9322092905640602
     656.2864576384256452       1.0266967117786407
     656.2866577718478993       1.0813251957297325
     656.2868579052702671       0.8856430649757385
     656.2870580386925212       0.9486768953502178
     656.2872581721147753       1.0153490593656898
     656.2874583055370294       0.9556301161646843
     656.2876584389592836       0.9288445711135864
     656.2878585723816514       0.9293533638119698
     656.2880587058039055       0.9985634252661839
     656.2882588392261596       1.0393084064126015
     656.2884589726484137       1.0868201851844788
     656.2886591060707815       1.0376829914748669
     656.2888592394930356       1.0132257137447596
     656.2890593729152897       0.9649813808500767
     656.2892595063375438       1.1260501444339752
     656.2894596397599116       1.0291308294981718
     656.2896597731821657       1.0035724230110645
     656.2898599066044198       0.9792744293808937
     656.2900600400266740       1.0506997816264629
     656.2902601734490418       0.9660083092749119
     656.2904603068712959       0.9435635209083557
     656.2906604402935500       1.0253436919301748
     656.2908605737158041       1.0354694686830044
     656.2910607071381719       1.0177409667521715
     656.2912608405604260       1.0025147392880172
     656.2914609739826801       0.9325459375977516
     656.2916611074049342       0.9573361389338970
     656.2918612408273020       0.9822946637868881
     656.2920613742495561       0.9684759862720966
     656.2922615076718103       0.9717600662261248
     656.2924616410940644       0.9078924134373665
     656.2926617745164322       0.9412385225296021
     656.2928619079386863       0.9264031201601028
     656.2930620413609404       0.9911629669368267
     656.2932621747831945       0.9790417104959488
     656.2934623082054486       0.9428230226039886
     656.2936624416278164       0.9827485308051109
     656.2938625750500705       1.0646569281816483
     656.2940627084723246       1.0327618867158890
     656.2942628418945787       1.0483643077313900
     656.2944629753169465       0.9972506391350180
     656.2946631087392007       1.0210484173148870
     656.2948632421614548       1.0699581056833267
     656.2950633755837089       0.9927607355639338
     656.2952635090060767       0.9088556319475174
     656.2954636424283308       1.1202700734138489
     656.2956637758505849       1.0236224941909313
     656.2958639092728390       1.0082063591107726
     656.2960640426952068       0.9425139352679253
     656.2962641761174609       0.9477096311748028
     656.2964643095397150       1.0084956986829638
     656.2966644429619691       1.0196351427584887
     656.2968645763843369       0.9842379093170166
     656.2970647098065911       0.9874511109665036
     656.2972648432288452       1.0057311360724270
     656.2974649766510993       1.0437591336667538
     656.2976651100734671       1.0288274139165878
     656.2978652434957212       0.9646759480237961
     656.2980653769179753       0.9989570664474741
     656.2982655103402294       0.9934517955407500
     656.2984656437624835       1.0847901329398155
     656.2986657771848513       0.9708732459694147
     656.2988659106071054       1.0530384741723537
     656.2990660440293595       1.0357150994241238
     656.2992661774516137       1.0110757751390338
     656.2994663108739815       1.0733769461512566
     656.2996664442962356       0.9697580244392157
     656.2998665777184897       0.9508607871830463
     656.3000667111407438       1.0439079515635967
     656.3002668445631116       1.0951559171080589
     656.3004669779853657       1.0445061139762402
     656.3006671114076198       0.9721548873931170
     656.3008672448298739       0.9689032938331366
     656.3010673782522417       1.0275557693094015
     656.3012675116744958       1.0195127855986357
     656.3014676450967499       1.0803423970937729
     656.3016677785190041       0.9116293415427208
     656.3018679119413719       0.9786728322505951
     656.3020680453636260       1.0082224989309907
     656.3022681787858801       0.9546871036291122
     656.3024683122081342       0.9705656468868256
     656.3026684456305020       1.0529033653438091
     656.3028685790527561       0.9840320516377687
     656.3030687124750102       1.0414330475032330
     656.3032688458972643       1.0027912796940655
     656.3034689793196321       0.9597194045782089
     656.3036691127418862       0.9404876567423344
     656.3038692461641403       0.9135845303535461
     656.3040693795863945       1.0439569316804409
     656.3042695130086486       0.9963898572605103
     656.3044696464310164       1.0173706673085690
     656.3046697798532705       0.9699340518563986
     656.3048699132755246       0.9687804989516735
     656.3050700466977787       0.9419482164084911
     656.3052701801201465       0.9824718814343214
     656.3054703135424006       1.0091744596138597
     656.3056704469646547       1.0819093510508537
     656.3058705803869088       1.0354509875178337
     656.3060707138092766       0.9482401907444000
     656.3062708472315308       1.0257061515003443
     656.3064709806537849       0.9793554712086916
     656.3066711140760390       1.0334725044667721
     656.3068712474984068       1.0127074941992760
     656.3070713809206609       1.0168806128203869
     656.3072715143429150       1.0281991865485907
     656.3074716477651691       0.9923253976739943
     656.3076717811875369       0.9274585247039795
     656.3078719146097910       0.9595995619893074
     656.3080720480320451       0.9223512262105942
     656.3082721814542992       0.9483109824359417
     656.3084723148766670       1.0285659488290548
     656.3086724482989212       0.9989339276216924
     656.3088725817211753       0.9383066706359386
     656.3090727151434294       1.0139228347688913
     656.3092728485656835       1.0069340951740742
     656.3094729819880513       0.9977977576199919
     656.3096731154103054       1.0257044415920973
     656.3098732488325595       0.9231195300817490
     656.3100733822548136       1.0169267449527979
     656.3102735156771814       1.0375847332179546
     656.3104736490994355       0.9458633400499821
     656.3106737825216896       1.0277552194893360
     656.3108739159439438       0.9519190229475498
     656.3110740493663116       1.0432233400642872
     656.3112741827885657       1.0129049867391586
     656.3114743162108198       0.9439000114798546
     656.3116744496330739       0.9770792182534933
     656.3118745830554417       0.9944315054453909
     656.3120747164776958       0.9306524842977524
     656.3122748498999499       1.0483795292675495
     656.3124749833222040       0.9720431230962276
     656.3126751167445718       1.1097099930047989
     656.3128752501668259       0.9810158982872963
     656.3130753835890800       1.0301055107265711
     656.3132755170113342       0.9530427195131779
     656.3134756504337020       1.0103297466412187
     656.3136757838559561       1.0001458969636587
     656.3138759172782102       0.9790914971381426
     656.3140760507004643       1.0153025342151523
     656.3142761841228321       1.0235790163278580
     656.3144763175450862       0.9734143614768982
     656.3146764509673403       1.0583615489304066
     656.3148765843895944       0.9749892596155405
     656.3150767178118485       1.0338655225932598
     656.3152768512342163       1.0267882104963064
     656.3154769846564704       0.9874833254143596
     656.3156771180787246       1.0606509447097778
     656.3158772515009787       1.0204999931156635
     656.3160773849233465       0.9480454213917255
     656.3162775183456006       0.9469068683683872
     656.3164776517678547       0.9924253351055086
     656.3166777851901088       1.0201680846512318
     656.3168779186124766       0.9782446604222059
     656.3170780520347307       0.9663754031062126
     656.3172781854569848       0.9724442213773727
     656.3174783188792389       0.8609747886657715
     656.3176784523016067       1.0071685495786369
     656.3178785857238609       0.9073061421513557
     656.3180787191461150       1.0524037741124630
     656.3182788525683691       1.0372325852513313
     656.3184789859907369       0.9688521865755320
     656.3186791194129910       1.0240852460265160
     656.3188792528352451       0.9354651644825935
     656.3190793862574992       1.0444172583520412
     656.3192795196798670       0.9977690964005888
     656.3194796531021211       1.1018159613013268
     656.3196797865243752       1.0082097724080086
     656.3198799199466293       1.0470428988337517
     656.3200800533688835       1.0102966418489814
     656.3202801867912513       1.0183299984782934
     656.3204803202135054       0.9348059371113777
     656.3206804536357595       0.9410096593201160
     656.3208805870580136       0.9748397488147020
     656.3210807204803814       1.0400360338389874
     656.3212808539026355       0.9885978912934661
     656.3214809873248896       1.0569235943257809
     656.3216811207471437       0.9459946677088737
     656.3218812541695115       0.9471458792686462
     656.3220813875917656       0.9159289523959160
     656.3222815210140197       1.0618732161819935
     656.3224816544362739       0.9732473287731409
     656.3226817878586417       1.0799079984426498
     656.3228819212808958       1.0028439012821764
     656.3230820547031499       1.0008583284216002
     656.3232821881254040       1.0932634398341179
     656.3234823215477718       1.0071336175315082
     656.3236824549700259       1.0312819220125675
     656.3238825883922800       0.9923903830349445
     656.3240827218145341       0.9667153246700764
     656.3242828552369019       0.9286999329924583
     656.3244829886591560       0.9314991086721420
     656.3246831220814101       0.9885334419086576
     656.3248832555036643       0.9969062136951834
     656.3250833889260321       0.9554350115358829
     656.3252835223482862       1.0992613583803177
     656.3254836557705403       1.0017490132013336
     656.3256837891927944       0.9615246504545212
     656.3258839226150485       0.9849939951673150
     656.3260840560374163       1.0920712351799011
     656.3262841894596704       0.9223227873444557
     656.3264843228819245       0.9879307188093662
     656.3266844563041786       0.9464565552771091
     656.3268845897265464       0.9916762830689549
     656.3270847231488005       0.9557276554405689
     656.3272848565710547       0.9720193352550268
     656.3274849899933088       0.9650305211544037
     656.3276851234156766       1.0001990103191929
     656.3278852568379307       1.0751714333891869
     656.3280853902601848       0.9735202733427286
     656.3282855236824389       0.9669380038976669
     656.3284856571048067       1.0156775880604982
     656.3286857905270608       0.9878121968358755
     656.3288859239493149       1.0919481143355370
     656.3290860573715690       0.9632893204689025
     656.3292861907939368       1.0040003242902458
     656.3294863242161910       0.9950035852380096
     656.3296864576384451       1.0374425835907457
     656.3298865910606992       1.0229082312434907
     656.3300867244830670       0.9835100136697287
     656.3302868579053211       1.0388148985803118
     656.3304869913275752       0.9631945528089988
     656.3306871247498293       0.9640506096184236
     656.3308872581721971       1.0403441563248608
     656.3310873915944512       1.0244124755263289
     656.3312875250167053       1.0039752065204026
     656.3314876584389594       1.0238363873213445
     656.3316877918612136       1.0063949660397939
     656.3318879252835814       0.9625016376375964
     656.3320880587058355       1.0578763969242297
     656.3322881921280896       1.0351915024220539
     656.3324883255503437       0.9816149249672297
     656.3326884589727115       0.9481634087859719
     656.3328885923949656       1.0097440984098842
     656.3330887258172197       0.9790816027669267
     656.3332888592394738       1.0545831881460872
     656.3334889926618416       1.0897864326830839
     656.3336891260840957       1.0158114545041745
     656.3338892595063498       1.0465675294391295
     656.3340893929286040       0.9830719884473573
     656.3342895263509718       1.0659105032666050
     656.3344896597732259       0.9567876681662075
     656.3346897931954800       0.9830370191451397
     656.3348899266177341       0.9475595094216250
     656.3350900600401019       1.1276051700048160
     656.3352901934623560       1.0559724345708479
     656.3354903268846101       0.9581627137825340
     656.3356904603068642       0.9855879423951835
     656.3358905937292320       0.9888331750143987
     656.3360907271514861       1.0286832097548524
     656.3362908605737402       1.0473298839709180
     656.3364909939959944       0.9882326851812229
     656.3366911274182485       0.9539882688716973
     656.3368912608406163       1.0361571496833000
     656.3370913942628704       0.8983955828425065
     656.3372915276851245       0.9663709734726209
     656.3374916611073786       1.0198659204048832
     656.3376917945297464       1.0353748756146950
     656.3378919279520005       1.0268039081894180
     656.3380920613742546       1.0165299298269725
     656.3382921947965087       1.0077289204508468
     656.3384923282188765       0.9923761656099048
     656.3386924616411306       0.9330600476840520
     656.3388925950633848       1.0200913796422815
     656.3390927284856389       1.0098251425182225
     656.3392928619080067       1.0315403508764178
     656.3394929953302608       1.0595087593332502
     656.3396931287525149       1.0243433891010150
     656.3398932621747690       1.0681840342839664
     656.3400933955971368       0.9808158338839116
     656.3402935290193909       0.9999496700539643
     656.3404936624416450       1.0105462918674639
     656.3406937958638991       0.9792336007886751
     656.3408939292862669       1.0509435536376417
     656.3410940627085211       0.9826167983774445
     656.3412941961307752       0.9586751730145482
     656.3414943295530293       0.9196656580276272
     656.3416944629753971       1.0235325749904600
     656.3418945963976512       1.0569743056785894
     656.3420947298199053       0.9041631208145940
     656.3422948632421594       1.0362309988024307
     656.3424949966644135       1.0280049632076480
     656.3426951300867813       1.0295494427806275
     656.3428952635090354       1.0384885850266237
     656.3430953969312895       0.9598977405311032
     656.3432955303535437       1.0300057695783296
     656.3434956637759115       1.0072472330612272
     656.3436957971981656       1.0183831400648635
     656.3438959306204197       1.0531361742598739
     656.3440960640426738       0.9325923830288465
     656.3442961974650416       0.9273098163695136
     656.3444963308872957       0.9223092185075278
     656.3446964643095498       0.9687332733234546
     656.3448965977318039       0.9992102654755979
     656.3450967311541717       0.9818677447400259
     656.3452968645764258       1.0431398418528315
     656.3454969979986799       0.9358461305883710
     656.3456971314209341       0.9238586233536433
     656.3458972648433019       1.0088084611791048
     656.3460973982655560       0.9549993741209908
     656.3462975316878101       1.0057638863174971
     656.3464976651100642       0.9832912821915978
     656.3466977985324320       1.0039133544246617
     656.3468979319546861       1.0592194093363172
     656.3470980653769402       0.9132447477130128
     656.3472981987991943       0.8743910755857633
     656.3474983322214484       1.0037851922847114
     656.3476984656438162       1.0690407725663409
     656.3478985990660703       1.0828464684910082
     656.3480987324883245       1.0280081441988183
     656.3482988659105786       1.0251319058020032
     656.3484989993329464       0.9764980733546418
     656.3486991327552005       0.9933484058348685
     656.3488992661774546       0.9812915422423929
     656.3490993995997087       0.9881509061056605
     656.3492995330220765       1.0312257663583022
     656.3494996664443306       0.9895870608228784
     656.3496997998665847       1.0047529047593473
     656.3498999332888388       0.9506447033879922
     656.3501000667112066       1.0984212911484765
     656.3503002001334607       0.9604765830351190
     656.3505003335557149       1.0647036757882300
     656.3507004669779690       0.9794078929454058
     656.3509006004003368       0.9746758293114429
     656.3511007338225909       0.9755764739780889
     656.3513008672448450       1.0259968385238238
     656.3515010006670991       1.0634357897393096
     656.3517011340894669       0.9819069757733924
     656.3519012675117210       0.9537732152014922
     656.3521014009339751       0.9479466999265352
     656.3523015343562292       0.9987402255898332
     656.3525016677785970       1.1408644077419581
     656.3527018012008512       1.0364055729901431
     656.3529019346231053       0.9836872642713260
     656.3531020680453594       0.9405174199054163
     656.3533022014676135       0.9354679067956393
     656.3535023348899813       1.0044780552718904
     656.3537024683122354       0.9489854958061731
     656.3539026017344895       0.9828923110913751
     656.3541027351567436       1.0173834673718487
     656.3543028685791114       0.9050875490208767
     656.3545030020013655       0.9035601103560440
     656.3547031354236196       1.0003724549933311
     656.3549032688458738       0.9234114435093501
     656.3551034022682416       0.9466734282434037
     656.3553035356904957       0.9934334093714312
     656.3555036691127498       0.9638534483739176
     656.3557038025350039       0.9347594981308197
     656.3559039359573717       0.9874451646288916
     656.3561040693796258       0.9792427978338059
     656.3563042028018799       0.9646722575391422
     656.3565043362241340       1.0047108124969089
     656.3567044696465018       0.9305236989881969
     656.3569046030687559       0.8418375568469721
     656.3571047364910100       1.0434451140313907
     656.3573048699132642       0.8688304131909538
     656.3575050033356320       0.9124969866482149
     656.3577051367578861       0.9400573775059292
     656.3579052701801402       0.9338858452018310
     656.3581054036023943       0.9375116911512539
     656.3583055370246484       0.8945595663865666
     656.3585056704470162       0.8638461924175902
     656.3587058038692703       0.8708627776603681
     656.3589059372915244       0.9205988796966681
     656.3591060707137785       0.7723176939496696
     656.3593062041361463       0.7945559485615470
     656.3595063375584004       0.7202132740007172
     656.3597064709806546       0.8424081440305897
     656.3599066044029087       0.9183394000646072
     656.3601067378252765       0.8354386455541740
     656.3603068712475306       0.8328222820121318
     656.3605070046697847       0.8711205941467601
     656.3607071380920388       0.7867784839025281
     656.3609072715144066       0.8045091502195029
     656.3611074049366607       0.8535200977375644
     656.3613075383589148       0.8697698358319141
     656.3615076717811689       0.8827424986473245
     656.3617078052035367       0.8284700074245261
     656.3619079386257908       0.8056124763149080
     656.3621080720480450       0.8306857303667442
     656.3623082054702991       0.7554030512512724
     656.3625083388926669       0.8050054685223955
     656.3627084723149210       0.9050522443687319
     656.3629086057371751       0.7754321386005676
     656.3631087391594292       0.8224863424511752
     656.3633088725817970       0.8189747478147185
     656.3635090060040511       0.7380787014178567
     656.3637091394263052       0.7374290072399758
     656.3639092728485593       0.9136878178940443
     656.3641094062708135       0.8773390177000351
     656.3643095396931813       0.8104163206344068
     656.3645096731154354       0.8383111233070946
     656.3647098065376895       0.8226422708647874
     656.3649099399599436       0.8418552981309970
     656.3651100733823114       0.7760132129399230
     656.3653102068045655       0.7698400926818603
     656.3655103402268196       0.9144236319618635
     656.3657104736490737       0.8545202690406252
     656.3659106070714415       0.7115590072987735
     656.3661107404936956       0.8210942807356091
     656.3663108739159497       0.8258688042347792
     656.3665110073382039       0.8978956390686901
     656.3667111407605717       0.9179590484018958
     656.3669112741828258       0.8943462237535715
     656.3671114076050799       0.7757226843668644
     656.3673115410273340       0.8949684153659122
     656.3675116744497018       0.9152579211161173
     656.3677118078719559       0.8274003757572129
     656.3679119412942100       0.8932852126170860
     656.3681120747164641       0.8578432046109785
     656.3683122081388319       0.8331760800407361
     656.3685123415610860       0.9646856406186719
     656.3687124749833401       0.9460880526138096
     656.3689126084055943       1.0372635337597527
     656.3691127418278484       0.9675066133193002
     656.3693128752502162       0.9345791779999392
     656.3695130086724703       1.0214748073864706
     656.3697131420947244       0.9175419475281429
     656.3699132755169785       0.8898797703355017
     656.3701134089393463       0.9130463820190451
     656.3703135423616004       0.8846063175861528
     656.3705136757838545       1.0680068580276671
     656.3707138092061086       0.8931816102946417
     656.3709139426284764       0.9335487421400672
     656.3711140760507305       0.9589591196020252
     656.3713142094729847       0.9079780843507198
     656.3715143428952388       0.9815181471612885
     656.3717144763176066       1.0158014050600901
     656.3719146097398607       0.9447083200104962
     656.3721147431621148       0.9906048101042919
     656.3723148765843689       0.9727216974982719
     656.3725150100067367       1.0144789246177583
     656.3727151434289908       1.0837789193074463
     656.3729152768512449       1.0562829091797192
     656.3731154102734990       0.9855042582131088
     656.3733155436958668       1.0753298904432644
     656.3735156771181209       1.0756607036069799
     656.3737158105403751       0.9913581211749782
     656.3739159439626292       0.9684070381086995
     656.3741160773849970       1.1065700132823981
     656.3743162108072511       1.0038407392118138
     656.3745163442295052       0.9491366740633074
     656.3747164776517593       1.0048141023785275
     656.3749166110740134       1.0306278375321241
     656.3751167444963812       0.9631093263173127
     656.3753168779186353       1.0391097069031021
     656.3755170113408894       0.9808232369934281
     656.3757171447631436       1.0847271980332498
     656.3759172781855113       1.0574635946052489
     656.3761174116077655       1.0673245309167947
     656.3763175450300196       0.9700104197246779
     656.3765176784522737       1.0209956855667965
     656.3767178118746415       1.0857943096119755
     656.3769179452968956       1.1259014105440401
     656.3771180787191497       0.9281460548843853
     656.3773182121414038       1.0676182763465198
     656.3775183455637716       0.9725765215975254
     656.3777184789860257       1.0284108187131764
     656.3779186124082798       1.0447605607446682
     656.3781187458305340       1.0264899461882417
     656.3783188792529018       0.9102297665529627
     656.3785190126751559       0.9907693805952983
     656.3787191460974100       1.0051385469984089
     656.3789192795196641       1.1486227110697884
     656.3791194129420319       1.0323533635024087
     656.3793195463642860       1.0537821091280408
     656.3795196797865401       0.9329666221519660
     656.3797198132087942       1.0047923620691064
     656.3799199466311620       0.9985073933944275
     656.3801200800534161       1.0163369549378183
     656.3803202134756702       0.9610848311854790
     656.3805203468979244       0.9607034123969611
     656.3807204803201785       0.9599684357121713
     656.3809206137425463       0.9847415900587707
     656.3811207471648004       1.0305470165236574
     656.3813208805870545       1.0285689994508305
     656.3815210140093086       1.0401483171946850
     656.3817211474316764       0.9991870908114736
     656.3819212808539305       0.9980533189872514
     656.3821214142761846       1.0019464501186992
     656.3823215476984387       0.9416835342406761
     656.3825216811208065       0.9874563176607338
     656.3827218145430606       1.0201560313234408
     656.3829219479653148       0.9780954036580479
     656.3831220813875689       1.0465677456370579
     656.3833222148099367       0.9215422750966350
     656.3835223482321908       0.9006549138195098
     656.3837224816544449       0.9502163138071474
     656.3839226150766990       0.9618790934154424
     656.3841227484990668       1.0036584732864937
     656.3843228819213209       1.0549130867296079
     656.3845230153435750       0.9385229896350156
     656.3847231487658291       1.0050064455416465
     656.3849232821881969       1.1088856104977221
     656.3851234156104510       0.9204161456656342
     656.3853235490327052       0.9734766157950786
     656.3855236824549593       1.0975080064207112
     656.3857238158772134       1.0010690579167245
     656.3859239492995812       1.0070151335819628
     656.3861240827218353       0.9400991631111709
     656.3863242161440894       1.0880152067519033
     656.3865243495663435       0.8993039676139627
     656.3867244829887113       1.0774426273310427
     656.3869246164109654       1.0000170841814153
     656.3871247498332195       1.0250563805623840
     656.3873248832554737       1.0173187166024347
     656.3875250166778414       0.9982009212619596
     656.3877251501000956       1.0149382558760069
     656.3879252835223497       0.9636846849227819
     656.3881254169446038       0.9880883409877833
     656.3883255503669716       1.0441342365502846
     656.3885256837892257       1.0328905989871513
     656.3887258172114798       0.9447495972905926
     656.3889259506337339       0.9762316736099326
     656.3891260840561017       0.9807315505158091
     656.3893262174783558       1.0791032388171344
     656.3895263509006099       0.8953984602830257
     656.3897264843228641       0.9932625521579750
     656.3899266177452319       0.9802975766128085
     656.3901267511674860       1.0371259115470681
     656.3903268845897401       0.9532994516076206
     656.3905270180119942       1.0349548756992908
     656.3907271514343620       1.0228269491285784
     656.3909272848566161       1.0251749139237605
     656.3911274182788702       0.9645403213769802
     656.3913275517011243       0.9459957890192057
     656.3915276851233784       0.9695767182842471
     656.3917278185457462       0.9565850794305338
     656.3919279519680003       0.9329809397452069
     656.3921280853902545       1.0431935004885131
     656.3923282188125086       1.0685977488752831
     656.3925283522348764       0.9907634034750532
     656.3927284856571305       1.0352867506442860
     656.3929286190793846       1.0202597379683351
     656.3931287525016387       0.9890155252068483
     656.3933288859240065       1.0763100609182796
     656.3935290193462606       0.9993191197863429
     656.3937291527685147       0.9369250535964727
     656.3939292861907688       1.0300635155290203
     656.3941294196131366       1.0178873296826967
     656.3943295530353907       1.0013233675854205
     656.3945296864576449       1.0111001953482579
     656.3947298198798990       1.0072277816943791
     656.3949299533022668       1.1358474493026711
     656.3951300867245209       0.8738638162612899
     656.3953302201467750       1.0627752840518943
     656.3955303535690291       1.0203614756464952
     656.3957304869913969       1.0622980967164035
     656.3959306204136510       1.0271659027785058
     656.3961307538359051       0.8470675349235532
     656.3963308872581592       0.9589524343609809
     656.3965310206804133       0.9238125830888747
     656.3967311541027811       0.9337452054023743
     656.3969312875250353       1.0305308401584625
     656.3971314209472894       1.0915896892547607
     656.3973315543695435       1.0081526804715395
     656.3975316877919113       0.9240700304508209
     656.3977318212141654       0.9908099928870797
     656.3979319546364195       1.0831712931394577
     656.3981320880586736       1.0306155979633331
     656.3983322214810414       0.9913962827995420
     656.3985323549032955       0.9624407775700092
     656.3987324883255496       0.9795498717576265
     656.3989326217478038       0.9428434185683727
     656.3991327551701715       0.9644328989088535
     656.3993328885924257       1.0288768839091063
     656.3995330220146798       0.9502523019909859
     656.3997331554369339       1.0357286147773266
     656.3999332888593017       1.0021945529151708
     656.4001334222815558       0.9904281366616488
     656.4003335557038099       0.9948828578926623
     656.4005336891260640       1.0078974422067404
     656.4007338225484318       1.0010500182397664
     656.4009339559706859       1.0154144680127501
     656.4011340893929400       0.9456655792891979
     656.4013342228151942       1.0084969606250525
     656.4015343562375620       0.9697182197123766
     656.4017344896598161       0.9988095181761310
     656.4019346230820702       0.9927964098751545
     656.4021347565043243       1.0131162945181131
     656.4023348899265784       0.9667174927890301
     656.4025350233489462       0.9605979211628437
     656.4027351567712003       0.9095244035124779
     656.4029352901934544       0.9652906768023968
     656.4031354236157085       1.0048734848387539
     656.4033355570380763       0.9389281012117863
     656.4035356904603304       1.0708462521433830
     656.4037358238825846       1.0787079855799675
     656.4039359573048387       1.0524345450103283
     656.4041360907272065       0.9229629114270210
     656.4043362241494606       0.9208291247487068
     656.4045363575717147       1.0021540725138038
     656.4047364909939688       1.0635814368724823
     656.4049366244163366       1.0365468561649323
     656.4051367578385907       0.9440701603889465
     656.4053368912608448       1.1015046387910843
     656.4055370246830989       0.9972610275726765
     656.4057371581054667       0.9894861467182636
     656.4059372915277208       1.0264043863862753
     656.4061374249499750       0.9976844771299511
     656.4063375583722291       0.9670369997620583
     656.4065376917945969       1.0703141912817955
     656.4067378252168510       1.0311633348464966
     656.4069379586391051       0.9956174483522773
     656.4071380920613592       1.0049992348067462
     656.4073382254836133       1.0134313423186541
     656.4075383589059811       0.9539754465222359
     656.4077384923282352       1.0593506693840027
     656.4079386257504893       1.0300789959728718
     656.4081387591727434       1.0363824069499969
     656.4083388925951112       1.0659740716218948
     656.4085390260173654       1.1023597866296768
     656.4087391594396195       1.0534349158406258
     656.4089392928618736       1.0599475391209126
     656.4091394262842414       1.0305683445185423
     656.4093395597064955       1.0589440539479256
     656.4095396931287496       1.0515816099941730
     656.4097398265510037       0.9563493169844151
     656.4099399599733715       1.0034555576276034
     656.4101400933956256       0.9872621130198240
     656.4103402268178797       0.9880464458838105
     656.4105403602401339       1.0695398449897766
     656.4107404936625016       0.9054086580872536
     656.4109406270847558       0.9742792602628469
     656.4111407605070099       1.0295500550419092
     656.4113408939292640       0.9453435055911541
     656.4115410273516318       1.0372914932668209
     656.4117411607738859       0.9318731054663658
     656.4119412941961400       0.9788353759795427
     656.4121414276183941       0.9746011216193438
     656.4123415610407619       0.9368031024932861
     656.4125416944630160       0.9519986398518085
     656.4127418278852701       1.0199919100850821
     656.4129419613075243       0.9067191928625107
     656.4131420947297784       1.0483799576759338
     656.4133422281521462       0.9800088647753000
     656.4135423615744003       1.0404443591833115
     656.4137424949966544       0.9500577934086323
     656.4139426284189085       0.9910042146220803
     656.4141427618412763       1.1354240924119949
     656.4143428952635304       0.8773989528417587
     656.4145430286857845       0.9753754828125238
     656.4147431621080386       1.0439312942326069
     656.4149432955304064       0.9715154282748699
     656.4151434289526605       1.0010998656507581
     656.4153435623749147       0.9952603667043149
     656.4155436957971688       0.9393642581999302
     656.4157438292195366       0.9297698214650154
     656.4159439626417907       0.9694766942411661
     656.4161440960640448       0.9939862429164350
     656.4163442294862989       1.0210333317518234
     656.4165443629086667       0.9864122504368424
     656.4167444963309208       0.9750965777784586
     656.4169446297531749       1.0003517083532643
     656.4171447631754290       0.9881692901253700
     656.4173448965977968       0.9761095028370619
     656.4175450300200509       0.9855868201702833
     656.4177451634423051       0.9596896320581436
     656.4179452968645592       0.9318349286913872
     656.4181454302869270       0.9671948514878750
     656.4183455637091811       0.9536967426538467
     656.4185456971314352       0.9873976632952690
     656.4187458305536893       0.9641398005187511
     656.4189459639759434       0.9234764352440834
     656.4191460973983112       1.0187903512269258
     656.4193462308205653       0.9232700467109680
     656.4195463642428194       1.0200212765485048
     656.4197464976650735       1.0380064696073532
     656.4199466310874413       0.9342908337712288
     656.4201467645096955       1.0393863692879677
     656.4203468979319496       1.0314407385885715
     656.4205470313542037       0.9927245504222810
     656.4207471647765715       1.0327416174113750
     656.4209472981988256       0.9507623687386513
     656.4211474316210797       0.9405516311526299
     656.4213475650433338       1.0087674697861075
     656.4215476984657016       1.0012654651654884
     656.4217478318879557       0.9816701654344797
     656.4219479653102098       1.0096424520015717
     656.4221480987324640       1.1199569925665855
     656.4223482321548317       0.9658044129610062
     656.4225483655770859       0.9452122747898102
     656.4227484989993400       1.0121531086042523
     656.4229486324215941       0.9903333932161331
     656.4231487658439619       1.0405917167663574
     656.4233488992662160       1.0544169247150421
     656.4235490326884701       1.0190881788730621
     656.4237491661107242       1.0723865255713463
     656.4239492995329783       0.9735750518739223
     656.4241494329553461       0.9962457010988146
     656.4243495663776002       0.9965275798458606
     656.4245496997998544       1.0458170473575592
     656.4247498332221085       0.8702004551887512
     656.4249499666444763       0.9704675916582346
     656.4251501000667304       1.0204615425318480
     656.4253502334889845       1.0030603797640651
     656.4255503669112386       1.0087336907163262
     656.4257505003336064       0.9923630161210895
     656.4259506337558605       1.0469126589596272
     656.4261507671781146       0.9510149173438549
     656.4263509006003687       1.0221190620213747
     656.4265510340227365       1.0319816097617149
     656.4267511674449906       0.9417261481285095
     656.4269513008672448       0.9892415245994925
     656.4271514342894989       0.9815348852425814
     656.4273515677118667       0.9149282425642014
     656.4275517011341208       1.0033443793654442
     656.4277518345563749       0.9567763283848763
     656.4279519679786290       0.9373154342174530
     656.4281521014009968       0.9972400711849332
     656.4283522348232509       0.9683770909905434
     656.4285523682455050       0.9777942392975092
     656.4287525016677591       0.9604264311492443
     656.4289526350901269       0.9934064559638500
     656.4291527685123810       1.0655225142836571
     656.4293529019346352       1.0052255755290389
     656.4295530353568893       1.0083077363669872
     656.4297531687791434       1.0101839834824204
     656.4299533022015112       0.9363980889320374
     656.4301534356237653       0.9912080885842443
     656.4303535690460194       1.0776273235678673
     656.4305537024682735       0.9392146281898022
     656.4307538358906413       0.9937793225981295
     656.4309539693128954       0.9609953835606575
     656.4311541027351495       0.9681405462324619
     656.4313542361574036       0.9013861045241356
     656.4315543695797714       1.0573431216180325
     656.4317545030020256       0.9816273618489504
     656.4319546364242797       1.0683790817856789
     656.4321547698465338       1.0054176389239728
     656.4323549032689016       1.0109132071956992
     656.4325550366911557       0.9263355433940887
     656.4327551701134098       1.0307023860514164
     656.4329553035356639       0.9599932692945004
     656.4331554369580317       1.0412633083760738
     656.4333555703802858       1.1141085028648376
     656.4335557038025399       0.9467198252677917
     656.4337558372247940       0.9771590270102024
     656.4339559706471618       1.0257587116211653
     656.4341561040694160       1.0059960712678730
     656.4343562374916701       1.0639722719788551
     656.4345563709139242       1.0011097335955128
     656.4347565043361783       0.9781049583107233
     656.4349566377585461       0.9536037519574165
     656.4351567711808002       0.9919982971623540
     656.4353569046030543       1.0255792587995529
     656.4355570380253084       0.9799731802195311
     656.4357571714476762       1.0232660677284002
     656.4359573048699303       0.9874770129099488
     656.4361574382921845       1.0465654283761978
     656.4363575717144386       0.9276473000645638
     656.4365577051368064       1.0086915818974376
     656.4367578385590605       0.9818845558911562
     656.4369579719813146       1.0597349181771278
     656.4371581054035687       1.0129877030849457
     656.4373582388259365       1.0096781859174371
     656.4375583722481906       0.9581750966608524
     656.4377585056704447       0.9535493440926075
     656.4379586390926988       0.9837962929159403
     656.4381587725150666       1.0298120509833097
     656.4383589059373207       1.0325629375874996
     656.4385590393595749       0.9890263015404344
     656.4387591727818290       1.0589130595326424
     656.4389593062041968       1.0023982590064406
     656.4391594396264509       1.0674714371562004
     656.4393595730487050       1.0504946671426296
     656.4395597064709591       0.9980890635633841
     656.4397598398933269       0.9748536366969347
     656.4399599733155810       0.9959416035562754
     656.4401601067378351       0.9357921257615089
     656.4403602401600892       1.0039530848152936
     656.4405603735823433       1.0651463270187378
     656.4407605070047111       1.0234145950525999
     656.4409606404269653       1.0769753679633141
     656.4411607738492194       1.0965321362018585
     656.4413609072714735       1.0583770088851452
     656.4415610406938413       1.0304728802293539
     656.4417611741160954       0.9124573618173599
     656.4419613075383495       1.0433647148311138
     656.4421614409606036       1.0729201510548592
     656.4423615743829714       0.9030683860182762
     656.4425617078052255       1.0781037881970406
     656.4427618412274796       0.9545401744544506
     656.4429619746497337       1.0554783456027508
     656.4431621080721015       0.9482396245002747
     656.4433622414943557       1.0683256164193153
     656.4435623749166098       0.9246646538376808
     656.4437625083388639       1.0518067553639412
     656.4439626417612317       0.9733284115791321
     656.4441627751834858       1.0657521709799767
     656.4443629086057399       1.0529139637947083
     656.4445630420279940       0.9765899274498224
     656.4447631754503618       1.0679204389452934
     656.4449633088726159       1.0137035017833114
     656.4451634422948700       1.0473161190748215
     656.4453635757171241       1.0110313994809985
     656.4455637091393783       0.9933842434547842
     656.4457638425617461       0.9704370107501745
     656.4459639759840002       0.9572019129991531
     656.4461641094062543       0.9488032460212708
     656.4463642428285084       1.0292688850313425
     656.4465643762508762       0.9906930197030306
     656.4467645096731303       1.0095222434028983
     656.4469646430953844       1.0727367252111435
     656.4471647765176385       0.9311925917863846
     656.4473649099400063       1.0946460515260696
     656.4475650433622604       0.9995195421797689
     656.4477651767845146       1.0190901756286621
     656.4479653102067687       0.9815300479531288
     656.4481654436291365       0.9868626641109586
     656.4483655770513906       1.0447429232299328
     656.4485657104736447       1.0369517244398594
     656.4487658438958988       0.9811966978013515
     656.4489659773182666       0.9728066939860582
     656.4491661107405207       0.9545839503407478
     656.4493662441627748       1.0227192938327789
     656.4495663775850289       0.9695388842374086
     656.4497665110073967       1.0574882701039314
     656.4499666444296508       1.0244637485593557
     656.4501667778519050       1.0527833588421345
     656.4503669112741591       0.9642960093915462
     656.4505670446965269       1.0408767573535442
     656.4507671781187810       0.9648610837757587
     656.4509673115410351       1.0366689078509808
     656.4511674449632892       1.0435388199985027
     656.4513675783855433       0.9412395469844341
     656.4515677118079111       0.9297966361045837
     656.4517678452301652       0.9881682954728603
     656.4519679786524193       1.0120698455721140
     656.4521681120746734       1.0074516893364489
     656.4523682454970412       1.0380458757281303
     656.4525683789192954       1.0694769546389580
     656.4527685123415495       1.0275155212730169
     656.4529686457638036       1.0718271136283875
     656.4531687791861714       1.0441268458962440
     656.4533689126084255       0.9958754172548652
     656.4535690460306796       0.9846531311050057
     656.4537691794529337       1.0373685657978058
     656.4539693128753015       0.9943356304429471
     656.4541694462975556       1.0154602946713567
     656.4543695797198097       1.1116732507944107
     656.4545697131420638       0.9221174791455269
     656.4547698465644316       0.9686263836920261
     656.4549699799866858       0.9468689188361168
     656.4551701134089399       1.0615945458412170
     656.4553702468311940       0.9517943449318409
     656.4555703802535618       0.9600287042558193
     656.4557705136758159       1.0088960397988558
     656.4559706470980700       0.9977718878071755
     656.4561707805203241       1.0644724592566490
     656.4563709139425782       0.9610405750572681
     656.4565710473649460       0.9969845185987651
     656.4567711807872001       0.9655992910265923
     656.4569713142094542       0.9560336805880070
     656.4571714476317084       0.9728189501911402
     656.4573715810540762       1.1084474697709084
     656.4575717144763303       0.9402069486677647
     656.4577718478985844       0.9765354134142399
     656.4579719813208385       1.0219255890697241
     656.4581721147432063       1.0028717718087137
     656.4583722481654604       1.1328605413436890
     656.4585723815877145       1.0066555677913129
     656.4587725150099686       1.0575678423047066
     656.4589726484323364       0.9813615344464779
     656.4591727818545905       1.0223802495747805
     656.4593729152768447       1.0516184531152248
     656.4595730486990988       1.0117645105347037
     656.4597731821214666       1.0364753752946854
     656.4599733155437207       1.0806575194001198
     656.4601734489659748       0.9951302506960928
     656.4603735823882289       0.9883468449115753
     656.4605737158105967       0.9746650028973818
     656.4607738492328508       1.0459819361567497
     656.4609739826551049       1.0569866187870502
     656.4611741160773590       1.0034103845246136
     656.4613742494997268       0.8770277276635170
     656.4615743829219809       0.9429575093090534
     656.4617745163442351       0.9816826451569796
     656.4619746497664892       1.0229068826884031
     656.4621747831887433       1.1087857857346535
     656.4623749166111111       0.9857418835163116
     656.4625750500333652       1.0195304434746504
     656.4627751834556193       1.0084677282720804
     656.4629753168778734       1.0447160564363003
     656.4631754503002412       1.0287641938775778
     656.4633755837224953       1.0395484939217567
     656.4635757171447494       1.0330068133771420
     656.4637758505670035       1.0345512963831425
     656.4639759839893713       0.9769609179347754
     656.4641761174116255       1.0489128679037094
     656.4643762508338796       0.9371167793869972
     656.4645763842561337       0.9444115981459618
     656.4647765176785015       1.0517586730420589
     656.4649766511007556       0.9938056543469429
     656.4651767845230097       1.0741634890437126
     656.4653769179452638       0.9060838222503662
     656.4655770513676316       0.9881967026740313
     656.4657771847898857       1.0265358742326498
     656.4659773182121398       0.9645641632378101
     656.4661774516343939       0.9875423926860094
     656.4663775850567617       1.0383689552545547
     656.4665777184790159       0.9091366082429886
     656.4667778519012700       1.0942473933100700
     656.4669779853235241       1.0706425905227661
     656.4671781187458919       1.0108564514666796
     656.4673782521681460       0.9717718809843063
     656.4675783855904001       1.0223675873130560
     656.4677785190126542       0.9139494299888611
     656.4679786524349083       0.9693610277026892
     656.4681787858572761       1.0080333957448602
     656.4683789192795302       0.9870683671906590
     656.4685790527017843       1.0261576715856791
     656.4687791861240385       0.9914487265050411
     656.4689793195464063       1.0855351462960243
     656.4691794529686604       0.8599331527948380
     656.4693795863909145       1.0288711078464985
     656.4695797198131686       0.9634590931236744
     656.4697798532355364       0.9756073001772165
     656.4699799866577905       1.0171479489654303
     656.4701801200800446       1.0162822715938091
     656.4703802535022987       1.0931121930480003
     656.4705803869246665       0.9927815352566540
     656.4707805203469206       0.9828265141695738
     656.4709806537691748       0.9387129358947277
     656.4711807871914289       0.9258539453148842
     656.4713809206137967       0.9574542231857777
     656.4715810540360508       0.9551156200468540
     656.4717811874583049       0.9943257714621723
     656.4719813208805590       1.0176955051720142
     656.4721814543029268       1.0671924501657486
     656.4723815877251809       1.0058074984699488
     656.4725817211474350       0.9781186208128929
     656.4727818545696891       0.9871580926701427
     656.4729819879919432       1.0422713160514832
     656.4731821214143110       0.9793432466685772
     656.4733822548365652       0.9830963741987944
     656.4735823882588193       1.0570611916482449
     656.4737825216810734       0.9261867925524712
     656.4739826551034412       1.0395884178578854
     656.4741827885256953       0.9611447826027870
     656.4743829219479494       0.9284298717975616
     656.4745830553702035       1.0280766282230616
     656.4747831887925713       0.9809564780443907
     656.4749833222148254       1.0151028055697680
     656.4751834556370795       0.9992116956855170
     656.4753835890593336       1.0057719261385500
     656.4755837224817014       1.0533106587827206
     656.4757838559039556       0.9136700704693794
     656.4759839893262097       1.0422660410404205
     656.4761841227484638       0.9182715564966202
     656.4763842561708316       1.0189695917069912
     656.4765843895930857       0.9674209542572498
     656.4767845230153398       1.0087501034140587
     656.4769846564375939       1.0208409633487463
     656.4771847898599617       0.9708657376468182
     656.4773849232822158       1.0921937823295593
     656.4775850567044699       0.9593011997640133
     656.4777851901267240       1.0597193650901318
     656.4779853235490918       0.9252859652042389
     656.4781854569713460       0.9932557572610676
     656.4783855903936001       0.8903845176100731
     656.4785857238158542       1.0620630644261837
     656.4787858572381083       0.9830629453063011
     656.4789859906604761       0.9983816323801875
     656.4791861240827302       0.9515103735029697
     656.4793862575049843       1.0248937532305717
     656.4795863909272384       1.0634898096323013
     656.4797865243496062       1.1337640583515167
     656.4799866577718603       0.9689789973199368
     656.4801867911941144       1.0199651028960943
     656.4803869246163686       1.0163163729012012
     656.4805870580387364       1.0068584270775318
     656.4807871914609905       1.0586257874965668
     656.4809873248832446       1.0868264511227608
     656.4811874583054987       1.0119203738868237
     656.4813875917278665       1.0452092848718166
     656.4815877251501206       1.0209358837455511
     656.4817878585723747       0.9665317311882973
     656.4819879919946288       1.0937174484133720
     656.4821881254169966       0.9946501282975078
     656.4823882588392507       1.0101300347596407
     656.4825883922615049       1.0029210669454187
     656.4827885256837590       1.0088496794924140
     656.4829886591061268       1.0109137333929539
     656.4831887925283809       1.0399096272885799
     656.4833889259506350       0.9416107870638371
     656.4835890593728891       1.0306627545505762
     656.4837891927951432       1.0706178620457649
     656.4839893262175110       1.0205505583435297
     656.4841894596397651       0.9859817009419203
     656.4843895930620192       0.9739082995802164
     656.4845897264842733       0.9308294430375099
     656.4847898599066411       1.0517642796039581
     656.4849899933288953       1.0286772977560759
     656.4851901267511494       0.9983596818055958
     656.4853902601734035       1.0116182053461671
     656.4855903935957713       1.0717528834939003
     656.4857905270180254       0.9989961864193901
     656.4859906604402795       0.9354543238878250
     656.4861907938625336       0.9859228832647204
     656.4863909272849014       1.0094153201207519
     656.4865910607071555       1.0087219458073378
     656.4867911941294096       0.9333212971687317
     656.4869913275516637       0.9922256697900593
     656.4871914609740315       1.0451977550983429
     656.4873915943962857       1.0433394126594067
     656.4875917278185398       0.9717578105628490
     656.4877918612407939       0.8967825844883919
     656.4879919946631617       0.9974581587594002
     656.4881921280854158       0.9843544010072947
     656.4883922615076699       1.0222490523010492
     656.4885923949299240       0.9460184574127197
     656.4887925283522918       0.9978494145907462
     656.4889926617745459       0.9570114724338055
     656.4891927951968000       0.9765740726143122
     656.4893929286190541       1.0136386770755053
     656.4895930620413083       0.9994020795566030
     656.4897931954636761       1.0923325195908546
     656.4899933288859302       1.0159411933273077
     656.4901934623081843       1.0525274649262428
     656.4903935957304384       1.0375278182327747
     656.4905937291528062       0.9326274320483208
     656.4907938625750603       0.9674224965274334
     656.4909939959973144       0.9629916511476040
     656.4911941294195685       1.0023384408559650
     656.4913942628419363       0.9501273185014725
     656.4915943962641904       1.0243544261902571
     656.4917945296864445       1.0164197552949190
     656.4919946631086987       1.0198916234076023
     656.4921947965310665       1.0056041372008622
     656.4923949299533206       1.0042948606424034
     656.4925950633755747       0.9989907629787922
     656.4927951967978288       0.9606193192303181
     656.4929953302201966       1.0366608314216137
     656.4931954636424507       1.0385387949645519
     656.4933955970647048       1.1079655289649963
     656.4935957304869589       0.9508983083069324
     656.4937958639093267       1.0292496588081121
     656.4939959973315808       1.1056219115853310
     656.4941961307538350       0.9719845503568649
     656.4943962641760891       0.9574037380516529
     656.4945963975983432       1.0176505558192730
     656.4947965310207110       1.0468795746564865
     656.4949966644429651       0.9823711682111025
     656.4951967978652192       0.9904585191980004
     656.4953969312874733       1.0238518379628658
     656.4955970647098411       1.0105486856773496
     656.4957971981320952       1.0184376742690802
     656.4959973315543493       0.9278292953968048
     656.4961974649766034       1.0096870763227344
     656.4963975983989712       1.0125842532142997
     656.4965977318212254       0.9913178691640496
     656.4967978652434795       0.9147408232092857
     656.4969979986657336       0.9754460770636797
     656.4971981320881014       0.9762875456362963
     656.4973982655103555       1.0527086444199085
     656.4975983989326096       0.8448342233896255
     656.4977985323548637       0.9540591649711132
     656.4979986657772315       1.0180001407861710
     656.4981987991994856       0.9440765716135502
     656.4983989326217397       1.0371870696544647
     656.4985990660439938       1.0472919307649136
     656.4987991994663616       0.9516224786639214
     656.4989993328886158       0.9751846063882113
     656.4991994663108699       0.9810623247176409
     656.4993995997331240       0.9624082334339619
     656.4995997331554918       0.9551870189607143
     656.4997998665777459       1.0150009943172336
     656.5000000000000000       1.0257436763495207
