     656.2000000000000455       1.0244027804583311
     656.2002001334222996       1.0669605955481529
     656.2004002668445537       1.0632844492793083
     656.2006004002669215       0.9997325161821209
     656.2008005336891756       0.9547959752380848
     656.2010006671114297       0.9397731125354767
     656.2012008005336838       0.9472460746765137
     656.2014009339560516       1.0055992058478296
     656.2016010673783057       0.9370975494384766
     656.2018012008005599       0.9154592826962471
     656.2020013342228140       1.1056670323014259
     656.2022014676451818       0.9853462977334857
     656.2024016010674359       0.9339037388563156
     656.2026017344896900       1.0458287745714188
     656.2028018679119441       0.9583707787096500
     656.2030020013343119       0.9997868754435331
     656.2032021347565660       0.9573227539658546
     656.2034022681788201       1.0123795112594962
     656.2036024016010742       1.0239516161382198
     656.2038025350234420       1.0132784647867084
     656.2040026684456961       1.1045432835817337
     656.2042028018679503       0.9460208155214787
     656.2044029352902044       1.0801694989204407
     656.2046030687125722       1.0135103538632393
     656.2048032021348263       0.9963625068776309
     656.2050033355570804       1.0179262533783913
     656.2052034689793345       0.9470982961356640
     656.2054036024017023       1.0539629645645618
     656.2056037358239564       1.0534786358475685
     656.2058038692462105       1.0598195791244507
     656.2060040026684646       1.1391214281320572
     656.2062041360907187       0.9578347392380238
     656.2064042695130865       1.0482868961989880
     656.2066044029353407       1.1336529105901718
     656.2068045363575948       1.0304385907948017
     656.2070046697798489       0.9519134350121021
     656.2072048032022167       1.0468939356505871
     656.2074049366244708       1.0125456526875496
     656.2076050700467249       0.9581185020506382
     656.2078052034689790       1.0653412789106369
     656.2080053368913468       1.0159395355731249
     656.2082054703136009       1.0693132802844048
     656.2084056037358550       0.9422046951949596
     656.2086057371581092       1.0502547994256020
     656.2088058705804769       0.9769554454833269
     656.2090060040027311       0.9439994692802429
     656.2092061374249852       1.0106979738920927
     656.2094062708472393       0.9707222376018763
     656.2096064042696071       0.8912966102361679
     656.2098065376918612       0.9043838307261467
     656.2100066711141153       0.9832463543862104
     656.2102068045363694       0.9745688587427139
     656.2104069379587372       1.0290712155401707
     656.2106070713809913       0.9637256301939487
     656.2108072048032454       0.9675428681075573
     656.2110073382254996       1.0457204766571522
     656.2112074716477537       1.0246881823986769
     656.2114076050701215       1.0595194660127163
     656.2116077384923756       1.0338181369006634
     656.2118078719146297       1.0047817728482187
     656.2120080053368838       0.9426356144249439
     656.2122081387592516       0.8864654377102852
     656.2124082721815057       1.0217932239174843
     656.2126084056037598       1.0459328852593899
     656.2128085390260139       1.0015915570547804
     656.2130086724483817       0.9518001228570938
     656.2132088058706358       0.9671096689999104
     656.2134089392928900       0.9927159352228045
     656.2136090727151441       0.9012679085135460
     656.2138092061375119       0.9858183469623327
     656.2140093395597660       0.9078709557652473
     656.2142094729820201       1.1105025336146355
     656.2144096064042742       1.0292316973209381
     656.2146097398266420       0.9292727112770081
     656.2148098732488961       0.9176943302154541
     656.2150100066711502       0.9705685693770647
     656.2152101400934043       0.9491233341395855
     656.2154102735157721       1.0150194540619850
     656.2156104069380262       0.9728088937699795
     656.2158105403602804       1.0406478866934776
     656.2160106737825345       1.1011792048811913
     656.2162108072049023       1.0058955620042980
     656.2164109406271564       1.0163031667470932
     656.2166110740494105       1.0064338506199419
     656.2168112074716646       1.0158105921000242
     656.2170113408939187       0.9770684260874987
     656.2172114743162865       0.9869170198217034
     656.2174116077385406       0.9583390466868877
     656.2176117411607947       1.0103663597255945
     656.2178118745830488       1.0176902692764997
     656.2180120080054166       0.8841733932495117
     656.2182121414276708       1.0898757502436638
     656.2184122748499249       1.0287218596786261
     656.2186124082721790       0.9566266946494579
     656.2188125416945468       1.0248772185295820
     656.2190126751168009       1.0408147536218166
     656.2192128085390550       0.9376233741641045
     656.2194129419613091       1.0056322254240513
     656.2196130753836769       0.9398484416306019
     656.2198132088059310       0.9670880772173405
     656.2200133422281851       1.0113919554278255
     656.2202134756504392       0.9804289657622576
     656.2204136090728070       1.0019293861696497
     656.2206137424950612       1.0345147922635078
     656.2208138759173153       1.1035321354866028
     656.2210140093395694       0.8982711285352707
     656.2212141427619372       0.9102976098656654
     656.2214142761841913       1.0070518674328923
     656.2216144096064454       1.1087603196501732
     656.2218145430286995       0.9338755980134010
     656.2220146764509536       0.9904567981138825
     656.2222148098733214       0.9972408269532025
     656.2224149432955755       1.0245054382830858
     656.2226150767178297       0.9820852670818567
     656.2228152101400838       1.0486151464283466
     656.2230153435624516       0.9408263489603996
     656.2232154769847057       0.9912641625851393
     656.2234156104069598       1.0451232045888901
     656.2236157438292139       1.1041730865836143
     656.2238158772515817       0.9799739681184292
     656.2240160106738358       0.9581813216209412
     656.2242161440960899       1.0489686131477356
     656.2244162775183440       1.0329826436936855
     656.2246164109407118       0.9764633849263191
     656.2248165443629659       0.9674777276813984
     656.2250166777852201       0.9840373843908310
     656.2252168112074742       0.9922682535834610
     656.2254169446298420       1.0365971848368645
     656.2256170780520961       0.9129747077822685
     656.2258172114743502       0.9967452194541693
     656.2260173448966043       1.0000033992441786
     656.2262174783189721       1.0319895818829536
     656.2264176117412262       1.0565149784088135
     656.2266177451634803       1.0338071100413799
     656.2268178785857344       0.9540875665843487
     656.2270180120081022       0.9602765701711178
     656.2272181454303563       1.0306619703769684
     656.2274182788526105       1.0492016077041626
     656.2276184122748646       0.9676085300743580
     656.2278185456971187       1.0344754308462143
     656.2280186791194865       0.9759753551334143
     656.2282188125417406       0.9502935111522675
     656.2284189459639947       1.0341839268803596
     656.2286190793862488       1.0550409629940987
     656.2288192128086166       0.9500992186367512
     656.2290193462308707       0.9489649422466755
     656.2292194796531248       0.9388723596930504
     656.2294196130753789       0.9427161104977131
     656.2296197464977467       0.9987142995232716
     656.2298198799200009       0.9409063756465912
     656.2300200133422550       1.0040764133445919
     656.2302201467645091       0.9646322764456272
     656.2304202801868769       0.9753790777176619
     656.2306204136091310       0.9893228681758046
     656.2308205470313851       1.0102186976000667
     656.2310206804536392       1.0171996410936117
     656.2312208138760070       0.9257416427135468
     656.2314209472982611       1.0543663874268532
     656.2316210807205152       0.9573467709124088
     656.2318212141427693       0.9223341569304466
     656.2320213475651371       1.0515746548771858
     656.2322214809873913       0.9519109167158604
     656.2324216144096454       1.0086327698081732
     656.2326217478318995       0.8801689594984055
     656.2328218812541536       1.0051634642295539
     656.2330220146765214       1.0381611548364162
     656.2332221480987755       0.9678133428096771
     656.2334222815210296       0.9575768597424030
     656.2336224149432837       0.9768396466970444
     656.2338225483656515       1.0209575053304434
     656.2340226817879056       1.0024362637195736
     656.2342228152101598       1.0892571732401848
     656.2344229486324139       1.0643317773938179
     656.2346230820547817       1.0332153551280499
     656.2348232154770358       1.0590698122978210
     656.2350233488992899       1.0216935705393553
     656.2352234823215440       1.0686817094683647
     656.2354236157439118       0.8794046863913536
     656.2356237491661659       1.0598916374146938
     656.2358238825884200       0.9736779425293207
     656.2360240160106741       1.0218766834586859
     656.2362241494330419       0.8988589718937874
     656.2364242828552960       0.9923541001044214
     656.2366244162775502       0.9480756521224976
     656.2368245496998043       0.9717449452728033
     656.2370246831221721       1.0696698054671288
     656.2372248165444262       1.0322316028177738
     656.2374249499666803       1.0824749991297722
     656.2376250833889344       1.0023613877128810
     656.2378252168113022       1.0947789996862411
     656.2380253502335563       1.0237018149346113
     656.2382254836558104       1.0032415539026260
     656.2384256170780645       1.0082567660138011
     656.2386257505003186       0.9407864212989807
     656.2388258839226864       0.9552658945322037
     656.2390260173449406       1.0144935166463256
     656.2392261507671947       1.0474252365529537
     656.2394262841894488       1.0013137544738129
     656.2396264176118166       1.0639273896813393
     656.2398265510340707       0.9434757418930531
     656.2400266844563248       0.9450026378035545
     656.2402268178785789       1.0442887209355831
     656.2404269513009467       1.0481146089732647
     656.2406270847232008       1.0739769563078880
     656.2408272181454549       0.9303651154041290
     656.2410273515677090       0.9936940101906657
     656.2412274849900768       1.0506208427250385
     656.2414276184123310       1.0679371803998947
     656.2416277518345851       0.9416120834648609
     656.2418278852568392       0.9270017668604851
     656.2420280186792070       0.9359475076198578
     656.2422281521014611       1.0328625626862049
     656.2424282855237152       0.9543769955635071
     656.2426284189459693       0.9612536244094372
     656.2428285523683371       0.9995852174179163
     656.2430286857905912       1.1016818210482597
     656.2432288192128453       0.9965685626957566
     656.2434289526350994       0.9614401198923588
     656.2436290860574672       1.0246555246412754
     656.2438292194797214       1.0583360865712166
     656.2440293529019755       1.0607628487050533
     656.2442294863242296       0.9278300404548645
     656.2444296197464837       0.8943634033203125
     656.2446297531688515       1.0119520407170057
     656.2448298865911056       1.0221960768103600
     656.2450300200133597       1.0754405185580254
     656.2452301534356138       1.0267504546791315
     656.2454302868579816       0.9677239395678043
     656.2456304202802357       0.9570068195462227
     656.2458305537024899       1.0085280025377870
     656.2460306871247440       1.0522810928523540
     656.2462308205471118       0.9823144469410181
     656.2464309539693659       1.0770034492015839
     656.2466310873916200       1.0183418318629265
     656.2468312208138741       1.0067692757584155
     656.2470313542362419       0.9603936411440372
     656.2472314876584960       1.0096587939187884
     656.2474316210807501       1.0099736871197820
     656.2476317545030042       0.9902025945484638
     656.2478318879253720       0.9775489848107100
     656.2480320213476261       1.0210612472146749
     656.2482321547698803       1.0312053766101599
     656.2484322881921344       0.9896671362221241
     656.2486324216145022       0.9691582042723894
     656.2488325550367563       0.9912726972252131
     656.2490326884590104       0.9056410640478134
     656.2492328218812645       0.8913198485970497
     656.2494329553035186       0.8906107991933823
     656.2496330887258864       0.9929728698916733
     656.2498332221481405       0.9398968927562237
     656.2500333555703946       1.0839141830801964
     656.2502334889926487       1.0191782787442207
     656.2504336224150165       1.0358852185308933
     656.2506337558372707       0.9794192556291819
     656.2508338892595248       1.0648322105407715
     656.2510340226817789       1.0473512262105942
     656.2512341561041467       1.0064144595526159
     656.2514342895264008       0.9235822260379791
     656.2516344229486549       1.0082175238057971
     656.2518345563709090       0.9413790032267570
     656.2520346897932768       0.9606995545327663
     656.2522348232155309       0.9823999051004648
     656.2524349566377850       0.9514245316386223
     656.2526350900600391       1.0209221970289946
     656.2528352234824069       1.0162180252373219
     656.2530353569046611       1.0065399832092226
     656.2532354903269152       1.0175561811774969
     656.2534356237491693       0.9998614574287785
     656.2536357571715371       0.9614491946995258
     656.2538358905937912       1.0130166010931134
     656.2540360240160453       0.9754498563706875
     656.2542361574382994       0.9964602305553854
     656.2544362908606672       1.0571655817329884
     656.2546364242829213       1.0152606684714556
     656.2548365577051754       0.9981510031502694
     656.2550366911274295       0.9353286772966385
     656.2552368245496837       1.0071829059161246
     656.2554369579720515       1.0672512501478195
     656.2556370913943056       1.0921129211783409
     656.2558372248165597       1.0136690801009536
     656.2560373582388138       1.0830628722906113
     656.2562374916611816       1.0114490427076817
     656.2564376250834357       1.0335974581539631
     656.2566377585056898       0.9823602940887213
     656.2568378919279439       1.0444708131253719
     656.2570380253503117       1.0599353387951851
     656.2572381587725658       0.9355279505252838
     656.2574382921948200       1.0278806984424591
     656.2576384256170741       1.0536202006042004
     656.2578385590394419       0.9620369970798492
     656.2580386924616960       1.0743102654814720
     656.2582388258839501       0.9837236367166042
     656.2584389593062042       1.0431726984679699
     656.2586390927285720       0.9444164223968983
     656.2588392261508261       1.0516948364675045
     656.2590393595730802       0.9834004882723093
     656.2592394929953343       1.0094550009816885
     656.2594396264177021       0.9428124018013477
     656.2596397598399562       1.0354208834469318
     656.2598398932622104       0.9652784802019596
     656.2600400266844645       1.0003996824380010
     656.2602401601067186       1.0023525618016720
     656.2604402935290864       1.0520937517285347
     656.2606404269513405       0.9903139313682914
     656.2608405603735946       1.0347431562840939
     656.2610406937958487       1.0509365312755108
     656.2612408272182165       0.9246843904256821
     656.2614409606404706       1.0012038248823956
     656.2616410940627247       1.0721429213881493
     656.2618412274849788       0.8927486017346382
     656.2620413609073466       0.9940626127645373
     656.2622414943296008       0.9452000148594379
     656.2624416277518549       1.1219625100493431
     656.2626417611741090       1.0219557546079159
     656.2628418945964768       1.0941952615976334
     656.2630420280187309       0.9849806353449821
     656.2632421614409850       1.0149751976132393
     656.2634422948632391       1.0806533619761467
     656.2636424282856069       0.9771171137690544
     656.2638425617078610       0.9833995737135410
     656.2640426951301151       0.8847517743706703
     656.2642428285523692       0.9804014246910810
     656.2644429619747370       1.0283109452575445
     656.2646430953969912       1.0351619012653828
     656.2648432288192453       0.9078647941350937
     656.2650433622414994       1.0506001301109791
     656.2652434956638672       0.9983740532770753
     656.2654436290861213       1.0311935599893332
     656.2656437625083754       0.9942668569274247
     656.2658438959306295       0.9787542670965195
     656.2660440293528836       1.0130008300766349
     656.2662441627752514       0.9712827894836664
     656.2664442961975055       0.9830765444785357
     656.2666444296197596       1.0750787183642387
     656.2668445630420138       0.9171393886208534
     656.2670446964643816       0.9330462291836739
     656.2672448298866357       1.0074554653838277
     656.2674449633088898       1.1151899844408035
     656.2676450967311439       0.9957899418659508
     656.2678452301535117       0.9849208518862724
     656.2680453635757658       1.0508879423141479
     656.2682454969980199       0.9480599053204060
     656.2684456304202740       0.9704442732036114
     656.2686457638426418       0.9871540814638138
     656.2688458972648959       0.9970820387825370
     656.2690460306871501       0.9665196947753429
     656.2692461641094042       0.8788655251264572
     656.2694462975317720       0.9190817847847939
     656.2696464309540261       0.9953038552775979
     656.2698465643762802       0.9991699033998884
     656.2700466977985343       0.9855928122997284
     656.2702468312209021       1.0531084351241589
     656.2704469646431562       1.0398593656718731
     656.2706470980654103       1.0257812347263098
     656.2708472314876644       1.0970146656036377
     656.2710473649099185       0.9334626123309135
     656.2712474983322863       1.0219456814229488
     656.2714476317545405       0.9676244221627712
     656.2716477651767946       1.0551704950630665
     656.2718478985990487       0.9595275782048702
     656.2720480320214165       0.9800688549876213
     656.2722481654436706       1.0700859054923058
     656.2724482988659247       0.9619218595325947
     656.2726484322881788       1.0000133732855829
     656.2728485657105466       1.0336441732943058
     656.2730486991328007       1.0080952616408467
     656.2732488325550548       1.0059543931856751
     656.2734489659773089       1.0247603319585323
     656.2736490993996767       0.9224612936377525
     656.2738492328219309       1.0089069744572043
     656.2740493662441850       0.9600078947842121
     656.2742494996664391       1.0261148959398270
     656.2744496330888069       1.0775232836604118
     656.2746497665110610       1.0486906990408897
     656.2748498999333151       1.0060186660848558
     656.2750500333555692       0.9529298245906830
     656.2752501667779370       0.9633086249232292
     656.2754503002001911       1.0089145619422197
     656.2756504336224452       1.0204410552978516
     656.2758505670446993       0.9485676772892475
     656.2760507004670671       0.9568573869764805
     656.2762508338893213       1.0383718423545361
     656.2764509673115754       1.0382910221815109
     656.2766511007338295       0.9416117481887341
     656.2768512341560836       0.9719898961484432
     656.2770513675784514       0.9933807277120650
     656.2772515010007055       0.9893146334215999
     656.2774516344229596       1.0719159021973610
     656.2776517678452137       1.0885716751217842
     656.2778519012675815       1.0844146460294724
     656.2780520346898356       1.0521566756069660
     656.2782521681120897       1.0465424880385399
     656.2784523015343439       1.0723341330885887
     656.2786524349567117       0.9721099529415369
     656.2788525683789658       0.9582781307399273
     656.2790527018012199       0.9727455787360668
     656.2792528352234740       0.9605775028467178
     656.2794529686458418       1.0297258943319321
     656.2796531020680959       1.0260158628225327
     656.2798532354903500       1.0174472536891699
     656.2800533689126041       1.0616783313453197
     656.2802535023349719       1.0040488499216735
     656.2804536357572260       1.0193322356790304
     656.2806537691794802       1.0199742875993252
     656.2808539026017343       0.9311554208397865
     656.2810540360241021       1.0009401811403222
     656.2812541694463562       0.9795947317034006
     656.2814543028686103       1.0169142764061689
     656.2816544362908644       1.0038930133450776
     656.2818545697131185       1.0221188757568598
     656.2820547031354863       1.0211914665997028
     656.2822548365577404       0.9506880789995193
     656.2824549699799945       1.0140894893556833
     656.2826551034022486       0.9981600084574893
     656.2828552368246164       1.0409128703176975
     656.2830553702468706       1.0164663847535849
     656.2832555036691247       0.9567814879119396
     656.2834556370913788       0.9695285856723785
     656.2836557705137466       1.0106867151334882
     656.2838559039360007       0.9900728575885296
     656.2840560373582548       1.0666009262204170
     656.2842561707805089       0.9875789890065789
     656.2844563042028767       1.0323557704687119
     656.2846564376251308       0.9288019090890884
     656.2848565710473849       0.9786275662481785
     656.2850567044696390       0.9925792268477380
     656.2852568378920068       0.9277942404150963
     656.2854569713142610       1.0795790627598763
     656.2856571047365151       0.9566628560423851
     656.2858572381587692       0.9399770908057690
     656.2860573715811370       1.0945496186614037
     656.2862575050033911       1.0743780061602592
     656.2864576384256452       1.0113176209852099
     656.2866577718478993       1.0387989841401577
     656.2868579052702671       1.0933292880654335
     656.2870580386925212       0.9640601538121700
     656.2872581721147753       0.9563002176582813
     656.2874583055370294       0.9786282908171415
     656.2876584389592836       1.0303521212190390
     656.2878585723816514       1.0327629558742046
     656.2880587058039055       1.0179812237620354
     656.2882588392261596       0.9706333279609680
     656.2884589726484137       1.0663647279143333
     656.2886591060707815       1.0176721792668104
     656.2888592394930356       1.0231816451996565
     656.2890593729152897       1.0184077918529510
     656.2892595063375438       0.9396859221160412
     656.2894596397599116       1.0572716072201729
     656.2896597731821657       0.8925062865018845
     656.2898599066044198       0.9534496404230595
     656.2900600400266740       1.0643186792731285
     656.2902601734490418       1.0537305176258087
     656.2904603068712959       1.0392279848456383
     656.2906604402935500       1.0365129187703133
     656.2908605737158041       0.9105942174792290
     656.2910607071381719       1.0098562240600586
     656.2912608405604260       1.0418539121747017
     656.2914609739826801       0.9491758160293102
     656.2916611074049342       0.9384288787841797
     656.2918612408273020       1.0156167913228273
     656.2920613742495561       0.9526400454342365
     656.2922615076718103       1.0294726025313139
     656.2924616410940644       0.9722516387701035
     656.2926617745164322       0.9575644917786121
     656.2928619079386863       1.0660798773169518
     656.2930620413609404       1.0025164603721350
     656.2932621747831945       0.9920107405632734
     656.2934623082054486       1.0192481745034456
     656.2936624416278164       0.9719376210123301
     656.2938625750500705       0.9237559735774994
     656.2940627084723246       1.0672132894396782
     656.2942628418945787       0.9690912831574678
     656.2944629753169465       0.9301706477999687
     656.2946631087392007       1.0141487494111061
     656.2948632421614548       1.0133193079382181
     656.2950633755837089       1.0218249149620533
     656.2952635090060767       0.9989173117792234
     656.2954636424283308       1.0576811432838440
     656.2956637758505849       1.1363933086395264
     656.2958639092728390       0.9505091458559036
     656.2960640426952068       0.9696772750467062
     656.2962641761174609       0.9236258119344711
     656.2964643095397150       0.9225949347019196
     656.2966644429619691       0.9424064457416534
     656.2968645763843369       0.9792314823716879
     656.2970647098065911       1.0113119939342141
     656.2972648432288452       1.0479133799672127
     656.2974649766510993       1.0199635047465563
     656.2976651100734671       1.0008928768220358
     656.2978652434957212       0.9167231470346451
     656.2980653769179753       0.9502009935677052
     656.2982655103402294       1.0456746257841587
     656.2984656437624835       0.9698768649250269
     656.2986657771848513       0.9738621562719345
     656.2988659106071054       1.0345673076808453
     656.2990660440293595       0.9702874030917883
     656.2992661774516137       0.9641465619206429
     656.2994663108739815       1.0420384146273136
     656.2996664442962356       1.0460872910916805
     656.2998665777184897       1.0843277573585510
     656.3000667111407438       1.0347663946449757
     656.3002668445631116       1.0080303056165576
     656.3004669779853657       0.9407442547380924
     656.3006671114076198       1.0294341202825308
     656.3008672448298739       1.0112387724220753
     656.3010673782522417       0.9922799691557884
     656.3012675116744958       0.9527249298989773
     656.3014676450967499       0.9606778286397457
     656.3016677785190041       0.9464507699012756
     656.3018679119413719       1.0652789771556854
     656.3020680453636260       0.9916537189856172
     656.3022681787858801       0.9036683067679405
     656.3024683122081342       0.9758922252804041
     656.3026684456305020       1.0247568245977163
     656.3028685790527561       1.0221837423741817
     656.3030687124750102       1.1322500854730606
     656.3032688458972643       0.9850760204717517
     656.3034689793196321       0.9176116809248924
     656.3036691127418862       0.9238466024398804
     656.3038692461641403       1.0041874162852764
     656.3040693795863945       1.0789894089102745
     656.3042695130086486       0.9779796395450830
     656.3044696464310164       0.9207630455493927
     656.3046697798532705       0.9176490455865860
     656.3048699132755246       0.9612114094197750
     656.3050700466977787       1.0940927490592003
     656.3052701801201465       1.0188659150153399
     656.3054703135424006       1.0366525463759899
     656.3056704469646547       0.9901153380051255
     656.3058705803869088       0.9206168130040169
     656.3060707138092766       0.9725934527814388
     656.3062708472315308       0.9794349949806929
     656.3064709806537849       0.9922700896859169
     656.3066711140760390       0.9597940780222416
     656.3068712474984068       1.0009794938378036
     656.3070713809206609       1.0380023196339607
     656.3072715143429150       0.9848936470225453
     656.3074716477651691       1.0908908322453499
     656.3076717811875369       0.9984347259160131
     656.3078719146097910       1.0119203059002757
     656.3080720480320451       0.9921738691627979
     656.3082721814542992       0.9515290744602680
     656.3084723148766670       1.0273297466337681
     656.3086724482989212       0.9504038803279400
     656.3088725817211753       1.0722014531493187
     656.3090727151434294       0.9266365319490433
     656.3092728485656835       1.0749210044741631
     656.3094729819880513       1.0222923196852207
     656.3096731154103054       0.9290939569473267
     656.3098732488325595       1.0034382492303848
     656.3100733822548136       0.9552532173693180
     656.3102735156771814       1.1005665063858032
     656.3104736490994355       1.1010589376091957
     656.3106737825216896       0.9829896371811628
     656.3108739159439438       0.9075962826609612
     656.3110740493663116       0.9649060852825642
     656.3112741827885657       1.0163683593273163
     656.3114743162108198       0.9723278377205133
     656.3116744496330739       1.0669715031981468
     656.3118745830554417       1.0260540302842855
     656.3120747164776958       0.9760575089603662
     656.3122748498999499       1.0410045795142651
     656.3124749833222040       1.0252754744142294
     656.3126751167445718       0.9102886468172073
     656.3128752501668259       1.0022898796014488
     656.3130753835890800       0.9320914074778557
     656.3132755170113342       0.9246425852179527
     656.3134756504337020       1.0982760339975357
     656.3136757838559561       0.9085201099514961
     656.3138759172782102       0.9550327919423580
     656.3140760507004643       1.0088115977123380
     656.3142761841228321       1.0568163171410561
     656.3144763175450862       0.9659630097448826
     656.3146764509673403       1.0803511887788773
     656.3148765843895944       1.0299273189157248
     656.3150767178118485       1.0378535054624081
     656.3152768512342163       1.0370485670864582
     656.3154769846564704       0.9912192067131400
     656.3156771180787246       0.9776927251368761
     656.3158772515009787       1.0237244050949812
     656.3160773849233465       0.9781717751175165
     656.3162775183456006       1.0499585978686810
     656.3164776517678547       1.0441152378916740
     656.3166777851901088       0.9782448243349791
     656.3168779186124766       0.9604835100471973
     656.3170780520347307       0.8918649330735207
     656.3172781854569848       0.9747858513146639
     656.3174783188792389       1.0559481047093868
     656.3176784523016067       0.9521817229688168
     656.3178785857238609       0.9851635303348303
     656.3180787191461150       1.0072234706021845
     656.3182788525683691       1.0257461704313755
     656.3184789859907369       0.9902952406555414
     656.3186791194129910       1.0209889542311430
     656.3188792528352451       1.0579373426735401
     656.3190793862574992       0.9803167264908552
     656.3192795196798670       0.9473087787628174
     656.3194796531021211       0.9880484379827976
     656.3196797865243752       1.0332295447587967
     656.3198799199466293       0.9906488852575421
     656.3200800533688835       0.9698672238737345
     656.3202801867912513       0.9957003975287080
     656.3204803202135054       0.9769629184156656
     656.3206804536357595       1.0090822791680694
     656.3208805870580136       1.0050309500657022
     656.3210807204803814       1.0265068840235472
     656.3212808539026355       0.9578392840921879
     656.3214809873248896       0.9888266110792756
     656.3216811207471437       0.9862998286262155
     656.3218812541695115       1.0185794699937105
     656.3220813875917656       0.9523765183985233
     656.3222815210140197       0.9560657106339931
     656.3224816544362739       0.9903059583157301
     656.3226817878586417       0.9870993075892329
     656.3228819212808958       0.9768402427434921
     656.3230820547031499       0.9784012064337730
     656.3232821881254040       1.0230859369039536
     656.3234823215477718       0.9492547698318958
     656.3236824549700259       1.0096059814095497
     656.3238825883922800       0.9398909322917461
     656.3240827218145341       1.0302287042140961
     656.3242828552369019       1.0153177920728922
     656.3244829886591560       0.9667931422591209
     656.3246831220814101       0.8952237218618393
     656.3248832555036643       0.9862351026386023
     656.3250833889260321       1.0342149287462234
     656.3252835223482862       0.9955323920585215
     656.3254836557705403       1.0789600834250450
     656.3256837891927944       1.0517201125621796
     656.3258839226150485       0.9198252931237221
     656.3260840560374163       1.0028497690800577
     656.3262841894596704       0.9585180394351481
     656.3264843228819245       1.0115644400939345
     656.3266844563041786       0.9416677579283712
     656.3268845897265464       0.9597556516528126
     656.3270847231488005       0.9610128551721567
     656.3272848565710547       1.0274053253233424
     656.3274849899933088       1.0198668837547289
     656.3276851234156766       1.0881682485342008
     656.3278852568379307       0.9918798180296989
     656.3280853902601848       1.0731368884444195
     656.3282855236824389       1.0264205019921002
     656.3284856571048067       1.0608129873871710
     656.3286857905270608       1.0382770188152655
     656.3288859239493149       0.9768119063228169
     656.3290860573715690       1.0857339128851597
     656.3292861907939368       1.0228096116333769
     656.3294863242161910       1.0402390696107708
     656.3296864576384451       1.0895930752157241
     656.3298865910606992       1.0592551603911962
     656.3300867244830670       0.9312053695319129
     656.3302868579053211       1.0637279003855735
     656.3304869913275752       1.0398963838811597
     656.3306871247498293       0.9867792651051344
     656.3308872581721971       0.8742108345023254
     656.3310873915944512       1.0111698023962725
     656.3312875250167053       1.0794172808510532
     656.3314876584389594       1.0321090593909201
     656.3316877918612136       0.9892848916316404
     656.3318879252835814       0.9708875063756508
     656.3320880587058355       1.0328446216810065
     656.3322881921280896       0.9433277137476905
     656.3324883255503437       1.0960351377583755
     656.3326884589727115       0.9655982740023962
     656.3328885923949656       0.9654596969205547
     656.3330887258172197       1.0562449954058764
     656.3332888592394738       1.0968130155851643
     656.3334889926618416       1.0680178030565026
     656.3336891260840957       1.0146994710775448
     656.3338892595063498       1.0750683619109731
     656.3340893929286040       1.0683519540196778
     656.3342895263509718       1.0370568406777489
     656.3344896597732259       0.9940090468981798
     656.3346897931954800       1.0294063868339398
     656.3348899266177341       0.9981563113200981
     656.3350900600401019       1.0498238866663832
     656.3352901934623560       0.9739344572351072
     656.3354903268846101       1.0022393509800906
     656.3356904603068642       1.0720079814710051
     656.3358905937292320       0.9902776018189874
     656.3360907271514861       1.0555266283523106
     656.3362908605737402       1.0773580982893467
     656.3364909939959944       1.0306433936239023
     656.3366911274182485       1.0454762693952007
     656.3368912608406163       1.0320282695724625
     656.3370913942628704       0.9072032975906121
     656.3372915276851245       1.0317975327184752
     656.3374916611073786       1.0167840029653652
     656.3376917945297464       0.9999307851886007
     656.3378919279520005       1.0203735430571412
     656.3380920613742546       1.0445702463193296
     656.3382921947965087       0.9673034213060252
     656.3384923282188765       1.0094003535040015
     656.3386924616411306       1.0151083960367724
     656.3388925950633848       1.0113061072611418
     656.3390927284856389       1.0191632423750177
     656.3392928619080067       1.0657245788265870
     656.3394929953302608       0.9143413303222431
     656.3396931287525149       0.9916795984742777
     656.3398932621747690       0.9918925240365574
     656.3400933955971368       0.9748682830714895
     656.3402935290193909       0.9719313151125847
     656.3404936624416450       1.0326459786664586
     656.3406937958638991       0.9341448611372589
     656.3408939292862669       1.0237413621818385
     656.3410940627085211       1.0612335015734984
     656.3412941961307752       1.0572178124602853
     656.3414943295530293       1.0218276475813781
     656.3416944629753971       0.9937690458677223
     656.3418945963976512       1.0434304930960774
     656.3420947298199053       1.0193497222231933
     656.3422948632421594       0.9728012568519094
     656.3424949966644135       1.0766529658404034
     656.3426951300867813       1.0882538649571829
     656.3428952635090354       1.0175595469214442
     656.3430953969312895       0.9969766192632064
     656.3432955303535437       0.9858233099562587
     656.3434956637759115       0.9699894676996278
     656.3436957971981656       0.9686566792695015
     656.3438959306204197       0.9071291169557789
     656.3440960640426738       1.1541360141744672
     656.3442961974650416       1.0312547138579626
     656.3444963308872957       0.9709226740130019
     656.3446964643095498       0.9537597805902491
     656.3448965977318039       1.0123959814541124
     656.3450967311541717       0.9816551382370344
     656.3452968645764258       1.0420351489391848
     656.3454969979986799       1.0026241590951777
     656.3456971314209341       0.9438670475642071
     656.3458972648433019       1.0698860211487615
     656.3460973982655560       0.9769155188980859
     656.3462975316878101       1.0090743534895423
     656.3464976651100642       0.9794886211919340
     656.3466977985324320       1.0548204084500861
     656.3468979319546861       0.9943781014381571
     656.3470980653769402       0.9080474302552113
     656.3472981987991943       0.9759311284877134
     656.3474983322214484       0.9754779224931234
     656.3476984656438162       0.9790616453436298
     656.3478985990660703       0.9535123481382799
     656.3480987324883245       0.9795023811564971
     656.3482988659105786       0.9264317898214462
     656.3484989993329464       1.0877763403116862
     656.3486991327552005       1.0114231110300096
     656.3488992661774546       1.0255840458629584
     656.3490993995997087       0.9808966020281668
     656.3492995330220765       0.9484692201915941
     656.3494996664443306       1.0971709114172792
     656.3496997998665847       0.9483101994489735
     656.3498999332888388       0.9917876461075315
     656.3501000667112066       0.9997077266421053
     656.3503002001334607       0.9563659026241734
     656.3505003335557149       0.8971686047058223
     656.3507004669779690       1.0004767670350998
     656.3509006004003368       1.0684284745375150
     656.3511007338225909       0.9689601335391850
     656.3513008672448450       1.0281756372732211
     656.3515010006670991       1.0036327658947068
     656.3517011340894669       1.0214654444778590
     656.3519012675117210       0.8791502204885850
     656.3521014009339751       0.8731257750127761
     656.3523015343562292       0.9383728305306265
     656.3525016677785970       1.0126426761479257
     656.3527018012008512       0.9451386935698813
     656.3529019346231053       1.0166657843367251
     656.3531020680453594       1.0135023062184474
     656.3533022014676135       0.9386911952651468
     656.3535023348899813       0.8483975032837087
     656.3537024683122354       0.9398424754933030
     656.3539026017344895       0.9780924524876281
     656.3541027351567436       0.9426040710988588
     656.3543028685791114       0.8434849566553831
     656.3545030020013655       0.8826836326797390
     656.3547031354236196       0.8660881024756448
     656.3549032688458738       0.8694523949911992
     656.3551034022682416       0.9058156309413691
     656.3553035356904957       0.8831244612094719
     656.3555036691127498       0.9510575538206221
     656.3557038025350039       0.9047432083978210
     656.3559039359573717       0.8129314898523584
     656.3561040693796258       0.8486724796315869
     656.3563042028018799       0.8160406686376044
     656.3565043362241340       0.7779581709545816
     656.3567044696465018       0.9129704784115886
     656.3569046030687559       0.8620591433347747
     656.3571047364910100       0.8139127984741282
     656.3573048699132642       0.8537761777773858
     656.3575050033356320       0.9350869380129350
     656.3577051367578861       0.7759154892834125
     656.3579052701801402       0.8853704123063122
     656.3581054036023943       0.8019023656443843
     656.3583055370246484       0.8585298500869571
     656.3585056704470162       0.8630267450246246
     656.3587058038692703       0.8068855021206093
     656.3589059372915244       0.8068713044510000
     656.3591060707137785       0.8997799897940846
     656.3593062041361463       0.8330515575945383
     656.3595063375584004       0.8255262669398629
     656.3597064709806546       0.8131089049404583
     656.3599066044029087       0.8254070971459231
     656.3601067378252765       0.7609641914544433
     656.3603068712475306       0.6930303248502858
     656.3605070046697847       0.8491453014046768
     656.3607071380920388       0.8393322885690757
     656.3609072715144066       0.8560692458495163
     656.3611074049366607       0.8251807783148095
     656.3613075383589148       0.8762051549772730
     656.3615076717811689       0.8482761198947453
     656.3617078052035367       0.8057987837324929
     656.3619079386257908       0.9817266709246294
     656.3621080720480450       0.8906512555350241
     656.3623082054702991       0.8284210476071275
     656.3625083388926669       0.8196340667266275
     656.3627084723149210       0.7459228509767857
     656.3629086057371751       0.8567402171931501
     656.3631087391594292       0.8533333068988727
     656.3633088725817970       0.8662785796208220
     656.3635090060040511       0.8682664270653174
     656.3637091394263052       0.7832779003252287
     656.3639092728485593       0.9543896010807795
     656.3641094062708135       0.8104363183713129
     656.3643095396931813       0.8464966358717964
     656.3645096731154354       0.9123128049781418
     656.3647098065376895       0.8541448659893688
     656.3649099399599436       0.9526226259187616
     656.3651100733823114       0.9388272893869863
     656.3653102068045655       0.8727861669600816
     656.3655103402268196       0.9253943690079105
     656.3657104736490737       1.0242276439768196
     656.3659106070714415       0.9763739362690224
     656.3661107404936956       0.9141430648643206
     656.3663108739159497       0.9507126618773015
     656.3665110073382039       0.9392046534352453
     656.3667111407605717       1.0080384206778721
     656.3669112741828258       0.9352337013693929
     656.3671114076050799       0.9615270005696592
     656.3673115410273340       0.9933271060253378
     656.3675116744497018       0.9917641189198688
     656.3677118078719559       1.0157533855556968
     656.3679119412942100       0.9695057008442705
     656.3681120747164641       1.0481515964864805
     656.3683122081388319       1.1074872733383185
     656.3685123415610860       1.0006949185527123
     656.3687124749833401       0.9716631346298068
     656.3689126084055943       0.9899004038577192
     656.3691127418278484       1.0488896703591153
     656.3693128752502162       1.0348596783670421
     656.3695130086724703       1.0441254959271120
     656.3697131420947244       1.0218931461519227
     656.3699132755169785       0.9776872431287518
     656.3701134089393463       0.9741738925228461
     656.3703135423616004       1.0021832149622552
     656.3705136757838545       0.9973901107847510
     656.3707138092061086       1.0490646794970755
     656.3709139426284764       0.9274580901214278
     656.3711140760507305       0.9940962241879998
     656.3713142094729847       1.0269601725541633
     656.3715143428952388       0.9492705440577711
     656.3717144763176066       0.9455337953658661
     656.3719146097398607       0.9523145977701424
     656.3721147431621148       1.1097939797502863
     656.3723148765843689       0.9568040906965852
     656.3725150100067367       0.9679198456305800
     656.3727151434289908       0.9819257359346866
     656.3729152768512449       1.0767302918998893
     656.3731154102734990       1.0700136743980484
     656.3733155436958668       0.9745565763232319
     656.3735156771181209       1.0593193704121253
     656.3737158105403751       1.0596646269745444
     656.3739159439626292       0.9702155611623351
     656.3741160773849970       0.9244471056734809
     656.3743162108072511       1.0381333408018980
     656.3745163442295052       0.9758524562717887
     656.3747164776517593       0.9881429577259082
     656.3749166110740134       1.0447864992828904
     656.3751167444963812       1.1022135941763636
     656.3753168779186353       0.9999145809593420
     656.3755170113408894       1.0801970741233569
     656.3757171447631436       1.0725023857735310
     656.3759172781855113       1.0437459153747661
     656.3761174116077655       1.0583233187269934
     656.3763175450300196       0.9141210561063033
     656.3765176784522737       1.0278794784668386
     656.3767178118746415       1.0851219393519220
     656.3769179452968956       0.9796041472744075
     656.3771180787191497       0.9766210337377869
     656.3773182121414038       1.0120156959799627
     656.3775183455637716       0.9998644519899775
     656.3777184789860257       0.9374073211608951
     656.3779186124082798       1.0641651723755485
     656.3781187458305340       1.0212270054012167
     656.3783188792529018       0.9158633931136775
     656.3785190126751559       0.9678441339632996
     656.3787191460974100       0.9992696407973954
     656.3789192795196641       1.0711734220697071
     656.3791194129420319       0.9084953091115336
     656.3793195463642860       0.9658223063976579
     656.3795196797865401       1.0312973868571633
     656.3797198132087942       1.0711329547206687
     656.3799199466311620       0.9980954699470671
     656.3801200800534161       1.0002544893624048
     656.3803202134756702       0.9650773732294446
     656.3805203468979244       0.9916299854604518
     656.3807204803201785       0.9273086022067089
     656.3809206137425463       0.9993650855820670
     656.3811207471648004       1.0779906210741328
     656.3813208805870545       0.9177070888388803
     656.3815210140093086       1.0410551494381548
     656.3817211474316764       1.0228040332551114
     656.3819212808539305       1.0286717066064626
     656.3821214142761846       0.9634720506308809
     656.3823215476984387       0.9601246179437728
     656.3825216811208065       1.0242707988149005
     656.3827218145430606       1.0050696682164699
     656.3829219479653148       1.0556126120234750
     656.3831220813875689       1.0080958787591234
     656.3833222148099367       0.9666249165342569
     656.3835223482321908       1.0677879404192652
     656.3837224816544449       1.0248595328364360
     656.3839226150766990       1.0146372906252235
     656.3841227484990668       0.9393105710693467
     656.3843228819213209       1.0962728768952323
     656.3845230153435750       0.9925346647877696
     656.3847231487658291       0.9967739977020621
     656.3849232821881969       0.9492329539584935
     656.3851234156104510       1.0058587748098191
     656.3853235490327052       0.8725329336458337
     656.3855236824549593       1.0172120740288215
     656.3857238158772134       0.9968898632358809
     656.3859239492995812       1.0683172865544812
     656.3861240827218353       1.0379906333148945
     656.3863242161440894       1.1239067911502216
     656.3865243495663435       0.9532478339540212
     656.3867244829887113       0.8797529115965432
     656.3869246164109654       1.0383564047296001
     656.3871247498332195       0.9114497676335597
     656.3873248832554737       1.0511792488285321
     656.3875250166778414       0.9888531099926416
     656.3877251501000956       0.9548691697363243
     656.3879252835223497       0.9615304209252866
     656.3881254169446038       0.9049638360711295
     656.3883255503669716       0.9405841268579782
     656.3885256837892257       0.9473985135541805
     656.3887258172114798       1.0458463393142368
     656.3889259506337339       0.9453056082122944
     656.3891260840561017       0.8459113240237468
     656.3893262174783558       1.0288928057995279
     656.3895263509006099       1.0880661234257436
     656.3897264843228641       1.0321462564168866
     656.3899266177452319       0.9452227465807365
     656.3901267511674860       0.9417768530546915
     656.3903268845897401       1.0054027722216663
     656.3905270180119942       0.9958721669390469
     656.3907271514343620       0.9934043497778252
     656.3909272848566161       1.0492931120097486
     656.3911274182788702       0.9869938446208733
     656.3913275517011243       0.9870830327272346
     656.3915276851233784       0.9282653704285575
     656.3917278185457462       0.9680404625833003
     656.3919279519680003       1.0652405843138673
     656.3921280853902545       1.0422850586473928
     656.3923282188125086       1.0380653850734225
     656.3925283522348764       0.9974388792179518
     656.3927284856571305       1.0496965982019897
     656.3929286190793846       1.0010322044836355
     656.3931287525016387       1.0031780393328515
     656.3933288859240065       0.9780257698148488
     656.3935290193462606       0.9114427790045737
     656.3937291527685147       0.9610372968018055
     656.3939292861907688       1.0069605964235961
     656.3941294196131366       0.9721180200576782
     656.3943295530353907       1.0202382542192936
     656.3945296864576449       1.0252700801938772
     656.3947298198798990       0.9600501917302608
     656.3949299533022668       0.9515059925615788
     656.3951300867245209       0.9558713585138321
     656.3953302201467750       0.9873649282380939
     656.3955303535690291       1.0260694678872824
     656.3957304869913969       0.9714354518800974
     656.3959306204136510       1.0121831791475415
     656.3961307538359051       1.1255863606929779
     656.3963308872581592       1.0395823083817959
     656.3965310206804133       1.0517876632511616
     656.3967311541027811       0.9676922447979450
     656.3969312875250353       1.0163968633860350
     656.3971314209472894       0.9493352212011814
     656.3973315543695435       0.9432513602077961
     656.3975316877919113       0.9465600065886974
     656.3977318212141654       1.0574638545513153
     656.3979319546364195       1.0173774491995573
     656.3981320880586736       0.9907984631136060
     656.3983322214810414       0.9773487392812967
     656.3985323549032955       1.0445325933396816
     656.3987324883255496       1.0089031318202615
     656.3989326217478038       0.9777466822415590
     656.3991327551701715       1.0120817571878433
     656.3993328885924257       0.9361701682209969
     656.3995330220146798       1.0517186634242535
     656.3997331554369339       1.0126688703894615
     656.3999332888593017       1.0242981594055891
     656.4001334222815558       1.0397345311939716
     656.4003335557038099       1.0260699335485697
     656.4005336891260640       0.9785387534648180
     656.4007338225484318       1.0421953424811363
     656.4009339559706859       0.9908759919926524
     656.4011340893929400       1.0561227612197399
     656.4013342228151942       1.0396591462194920
     656.4015343562375620       0.9878731975331903
     656.4017344896598161       1.0613648556172848
     656.4019346230820702       1.0757473036646843
     656.4021347565043243       0.9945337907411158
     656.4023348899265784       0.9489722661674023
     656.4025350233489462       0.9691511001437902
     656.4027351567712003       1.0026393090374768
     656.4029352901934544       0.9141885936260223
     656.4031354236157085       1.0048543890006840
     656.4033355570380763       1.0291349180042744
     656.4035356904603304       1.0632173866033554
     656.4037358238825846       1.0719606801867485
     656.4039359573048387       1.0273422505706549
     656.4041360907272065       0.9866106258705258
     656.4043362241494606       0.8651659339666367
     656.4045363575717147       1.1351593583822250
     656.4047364909939688       0.9896259075030684
     656.4049366244163366       0.9292603954672813
     656.4051367578385907       1.0529509782791138
     656.4053368912608448       1.0521916039288044
     656.4055370246830989       0.9987219506874681
     656.4057371581054667       0.9728716928511858
     656.4059372915277208       1.0046889251098037
     656.4061374249499750       0.9420708939433098
     656.4063375583722291       0.9471416175365448
     656.4065376917945969       1.0680580809712410
     656.4067378252168510       0.9923287793062627
     656.4069379586391051       0.9859100040048361
     656.4071380920613592       1.0293380860239267
     656.4073382254836133       0.9758016206324100
     656.4075383589059811       0.9915440492331982
     656.4077384923282352       1.0013688559411094
     656.4079386257504893       0.9458644688129425
     656.4081387591727434       1.0713174864649773
     656.4083388925951112       1.0165800787508488
     656.4085390260173654       1.0623861849308014
     656.4087391594396195       1.0492766462266445
     656.4089392928618736       1.0949906334280968
     656.4091394262842414       1.0617505982518196
     656.4093395597064955       1.0627413913607597
     656.4095396931287496       1.0256316997110844
     656.4097398265510037       1.0435628853738308
     656.4099399599733715       0.9187032580375671
     656.4101400933956256       0.9649401791393757
     656.4103402268178797       0.9477619826793671
     656.4105403602401339       1.0366396494209766
     656.4107404936625016       0.9293144196271896
     656.4109406270847558       1.0685150176286697
     656.4111407605070099       1.0727906376123428
     656.4113408939292640       0.9041297063231468
     656.4115410273516318       0.9472752101719379
     656.4117411607738859       1.0106890266761184
     656.4119412941961400       1.0581404641270638
     656.4121414276183941       1.0195899885147810
     656.4123415610407619       1.0478008575737476
     656.4125416944630160       0.9168357327580452
     656.4127418278852701       0.9949077875353396
     656.4129419613075243       1.0434419140219688
     656.4131420947297784       1.0175858959555626
     656.4133422281521462       0.9886710178107023
     656.4135423615744003       0.8922786116600037
     656.4137424949966544       1.0113667706027627
     656.4139426284189085       0.9894824400544167
     656.4141427618412763       1.0184948481619358
     656.4143428952635304       1.0128664989024401
     656.4145430286857845       0.9433725588023663
     656.4147431621080386       1.0854217708110809
     656.4149432955304064       0.9524978809058666
     656.4151434289526605       0.9688036832958460
     656.4153435623749147       1.0141557408496737
     656.4155436957971688       0.9951912318356335
     656.4157438292195366       0.9657070226967335
     656.4159439626417907       1.0060433018952608
     656.4161440960640448       0.9642631448805332
     656.4163442294862989       1.0399853140115738
     656.4165443629086667       0.9783672112971544
     656.4167444963309208       0.9570790715515614
     656.4169446297531749       0.9945376683026552
     656.4171447631754290       0.9343591853976250
     656.4173448965977968       1.0006590629345737
     656.4175450300200509       0.9958237819373608
     656.4177451634423051       0.9666646793484688
     656.4179452968645592       0.8430835753679276
     656.4181454302869270       0.8792349174618721
     656.4183455637091811       0.8807151690125465
     656.4185456971314352       0.9432557523250580
     656.4187458305536893       1.0603873990476131
     656.4189459639759434       1.0335565395653248
     656.4191460973983112       1.0097568668425083
     656.4193462308205653       1.0547536276280880
     656.4195463642428194       0.9874518821015954
     656.4197464976650735       0.9376759938895702
     656.4199466310874413       1.0624597743153572
     656.4201467645096955       0.9976149660069495
     656.4203468979319496       0.9885036544874310
     656.4205470313542037       1.0466029681265354
     656.4207471647765715       0.9561700895428658
     656.4209472981988256       1.0224162992089987
     656.4211474316210797       1.0674378126859665
     656.4213475650433338       1.0744359120726585
     656.4215476984657016       1.0318776629865170
     656.4217478318879557       1.0425806492567062
     656.4219479653102098       0.9892871482297778
     656.4221480987324640       0.9403976611793041
     656.4223482321548317       0.9772666078060865
     656.4225483655770859       0.9640373997390270
     656.4227484989993400       1.0285078175365925
     656.4229486324215941       0.9755143765360117
     656.4231487658439619       0.9720937870442867
     656.4233488992662160       0.9779971819370985
     656.4235490326884701       0.9138844013214111
     656.4237491661107242       1.0454132519662380
     656.4239492995329783       1.0445064790546894
     656.4241494329553461       1.0503509305417538
     656.4243495663776002       0.9867153344675899
     656.4245496997998544       1.0454800166189671
     656.4247498332221085       1.0253029149025679
     656.4249499666444763       1.0306148435920477
     656.4251501000667304       0.9932294404134154
     656.4253502334889845       1.0084044439718127
     656.4255503669112386       0.9911690950393677
     656.4257505003336064       0.9862210629507899
     656.4259506337558605       0.9705441705882549
     656.4261507671781146       0.8763624653220177
     656.4263509006003687       1.0223146677017212
     656.4265510340227365       1.0450212918221951
     656.4267511674449906       1.0814171060919762
     656.4269513008672448       0.9997102945926599
     656.4271514342894989       1.0081856837496161
     656.4273515677118667       1.0024855346418917
     656.4275517011341208       1.0331139191985130
     656.4277518345563749       1.0001344098564005
     656.4279519679786290       1.0244207903742790
     656.4281521014009968       0.9730576332658529
     656.4283522348232509       0.9363393038511276
     656.4285523682455050       1.0990691706538200
     656.4287525016677591       1.0199514515697956
     656.4289526350901269       1.1131364330649376
     656.4291527685123810       1.0376686714589596
     656.4293529019346352       1.0439241901040077
     656.4295530353568893       0.9679491147398949
     656.4297531687791434       1.0236537978053093
     656.4299533022015112       0.9164902940392494
     656.4301534356237653       0.9711544066667557
     656.4303535690460194       0.9280660375952721
     656.4305537024682735       0.9965600057039410
     656.4307538358906413       0.9673772677779198
     656.4309539693128954       0.9905215594917536
     656.4311541027351495       1.0389848537743092
     656.4313542361574036       0.9650111086666584
     656.4315543695797714       1.0251497756689787
     656.4317545030020256       0.8802427724003792
     656.4319546364242797       0.9379737861454487
     656.4321547698465338       1.0254642721265554
     656.4323549032689016       0.9967873825225979
     656.4325550366911557       0.9939125073142350
     656.4327551701134098       1.0055569796822965
     656.4329553035356639       0.9946398986503482
     656.4331554369580317       1.0620791874825954
     656.4333555703802858       0.9441402442753315
     656.4335557038025399       0.9908678652718663
     656.4337558372247940       0.9263791963458061
     656.4339559706471618       1.0047809788957238
     656.4341561040694160       0.9123096838593483
     656.4343562374916701       1.0349179320037365
     656.4345563709139242       0.9006427451968193
     656.4347565043361783       1.0009770578471944
     656.4349566377585461       0.9769296925514936
     656.4351567711808002       1.0760437473654747
     656.4353569046030543       0.9773152396082878
     656.4355570380253084       0.9495044536888599
     656.4357571714476762       0.9420669190585613
     656.4359573048699303       1.0817223712801933
     656.4361574382921845       0.9650578796863556
     656.4363575717144386       1.0519735179841518
     656.4365577051368064       0.9210009202361107
     656.4367578385590605       1.0468757711350918
     656.4369579719813146       0.9655514322221279
     656.4371581054035687       0.9894354986026883
     656.4373582388259365       1.0128003554418683
     656.4375583722481906       0.9753338973969221
     656.4377585056704447       1.0386918261647224
     656.4379586390926988       1.1007003560662270
     656.4381587725150666       1.0154662281274796
     656.4383589059373207       0.9681203104555607
     656.4385590393595749       1.0688217505812645
     656.4387591727818290       0.9879487482830882
     656.4389593062041968       0.9734419435262680
     656.4391594396264509       0.9677053727209568
     656.4393595730487050       0.9766457751393318
     656.4395597064709591       1.0103609850630164
     656.4397598398933269       1.0093193911015987
     656.4399599733155810       0.9700806103646755
     656.4401601067378351       1.0185607504099607
     656.4403602401600892       0.9494354538619518
     656.4405603735823433       0.8594960719347000
     656.4407605070047111       1.0742267891764641
     656.4409606404269653       1.0027057498227805
     656.4411607738492194       0.9618356451392174
     656.4413609072714735       1.0198630616068840
     656.4415610406938413       1.0137811023741961
     656.4417611741160954       1.0317992568016052
     656.4419613075383495       0.9814779963344336
     656.4421614409606036       0.9998166605510050
     656.4423615743829714       0.9274532645940781
     656.4425617078052255       1.0324446298182011
     656.4427618412274796       1.1036630421876907
     656.4429619746497337       0.8897156491875648
     656.4431621080721015       0.9787998087704182
     656.4433622414943557       0.9873475888743997
     656.4435623749166098       0.9592795707285404
     656.4437625083388639       1.0794662907719612
     656.4439626417612317       1.0194434709846973
     656.4441627751834858       1.0198709834367037
     656.4443629086057399       1.0176921226084232
     656.4445630420279940       1.1015848666429520
     656.4447631754503618       0.9260048493742943
     656.4449633088726159       1.0355194211006165
     656.4451634422948700       1.0731559321284294
     656.4453635757171241       1.0019288108451292
     656.4455637091393783       1.0015285633271560
     656.4457638425617461       0.9758771955966949
     656.4459639759840002       1.0152502004057169
     656.4461641094062543       0.9517533965408802
     656.4463642428285084       1.0095380311831832
     656.4465643762508762       1.0177812520414591
     656.4467645096731303       1.1188634783029556
     656.4469646430953844       1.0211215484887362
     656.4471647765176385       0.9622857123613358
     656.4473649099400063       1.0774480625987053
     656.4475650433622604       1.0119886957108974
     656.4477651767845146       1.0110309766605496
     656.4479653102067687       0.9602498821914196
     656.4481654436291365       1.1056635156273842
     656.4483655770513906       1.0307521224021912
     656.4485657104736447       1.0758271887898445
     656.4487658438958988       1.0519389919936657
     656.4489659773182666       1.0239771064370871
     656.4491661107405207       1.0096766129136086
     656.4493662441627748       1.0621690116822720
     656.4495663775850289       0.9453046210110188
     656.4497665110073967       0.9281006678938866
     656.4499666444296508       1.0717824473977089
     656.4501667778519050       1.0058175269514322
     656.4503669112741591       0.9393527209758759
     656.4505670446965269       0.9928537672385573
     656.4507671781187810       0.9754065591841936
     656.4509673115410351       0.9510924555361271
     656.4511674449632892       0.9868596093729138
     656.4513675783855433       1.0362269990146160
     656.4515677118079111       0.9663988091051579
     656.4517678452301652       1.0078206704929471
     656.4519679786524193       0.9853870626538992
     656.4521681120746734       1.0247624590992928
     656.4523682454970412       0.9184155017137527
     656.4525683789192954       0.9823435470461845
     656.4527685123415495       0.9277112558484077
     656.4529686457638036       1.0259645786136389
     656.4531687791861714       1.0320099219679832
     656.4533689126084255       1.0292987655848265
     656.4535690460306796       1.0419319532811642
     656.4537691794529337       1.0484308488667011
     656.4539693128753015       1.0676748380064964
     656.4541694462975556       0.9592904597520828
     656.4543695797198097       1.0612580738961697
     656.4545697131420638       0.9441737346351147
     656.4547698465644316       1.0416105836629868
     656.4549699799866858       1.0979902446269989
     656.4551701134089399       1.0212567579001188
     656.4553702468311940       1.0411690026521683
     656.4555703802535618       1.0347727462649345
     656.4557705136758159       1.0096696158871055
     656.4559706470980700       0.9830865897238255
     656.4561707805203241       0.9835903998464346
     656.4563709139425782       0.9867800157517195
     656.4565710473649460       1.0851959437131882
     656.4567711807872001       1.0161281730979681
     656.4569713142094542       0.9186000823974609
     656.4571714476317084       1.0504991002380848
     656.4573715810540762       0.9305789470672607
     656.4575717144763303       0.9448620006442070
     656.4577718478985844       1.0077535905875266
     656.4579719813208385       0.9859905745834112
     656.4581721147432063       0.9391665160655975
     656.4583722481654604       0.8948179259896278
     656.4585723815877145       0.9263320118188858
     656.4587725150099686       1.0747528746724129
     656.4589726484323364       1.0190292131155729
     656.4591727818545905       1.0015964446356520
     656.4593729152768447       0.9659251049160957
     656.4595730486990988       1.0160367581993341
     656.4597731821214666       1.1187660321593285
     656.4599733155437207       1.0060523417778313
     656.4601734489659748       0.8803678005933762
     656.4603735823882289       0.8738633841276169
     656.4605737158105967       1.0024933784734458
     656.4607738492328508       0.9375539645552635
     656.4609739826551049       0.9606136195361614
     656.4611741160773590       0.9360386282205582
     656.4613742494997268       1.0383549630641937
     656.4615743829219809       0.9370549097657204
     656.4617745163442351       1.0315029025077820
     656.4619746497664892       0.9603076539933681
     656.4621747831887433       1.0383819602429867
     656.4623749166111111       1.0045918361283839
     656.4625750500333652       1.0646230652928352
     656.4627751834556193       0.9679531976580620
     656.4629753168778734       0.9975063975434750
     656.4631754503002412       1.0172292888164520
     656.4633755837224953       0.9878092044964433
     656.4635757171447494       1.0627394169569016
     656.4637758505670035       1.0774839147925377
     656.4639759839893713       0.9400050863623619
     656.4641761174116255       1.0481516607105732
     656.4643762508338796       0.9044367894530296
     656.4645763842561337       0.9609533473849297
     656.4647765176785015       1.0041795498691499
     656.4649766511007556       0.9937826739624143
     656.4651767845230097       1.0129384687170386
     656.4653769179452638       0.9777593258768320
     656.4655770513676316       0.9817776679992676
     656.4657771847898857       0.9471667632460594
     656.4659773182121398       1.0354224853217602
     656.4661774516343939       1.0815319418907166
     656.4663775850567617       1.0100368475541472
     656.4665777184790159       1.0734132453799248
     656.4667778519012700       1.0898790061473846
     656.4669779853235241       1.0422214344143867
     656.4671781187458919       0.9716446809470654
     656.4673782521681460       0.9023459777235985
     656.4675783855904001       0.9502934180200100
     656.4677785190126542       0.9454038143157959
     656.4679786524349083       1.0273629780858755
     656.4681787858572761       0.9837615285068750
     656.4683789192795302       1.0279351416975260
     656.4685790527017843       0.9855203833431005
     656.4687791861240385       1.0103598851710558
     656.4689793195464063       0.9303557500243187
     656.4691794529686604       1.0040919482707977
     656.4693795863909145       1.0100152548402548
     656.4695797198131686       1.0614263787865639
     656.4697798532355364       0.9079736620187759
     656.4699799866577905       0.9645114056766033
     656.4701801200800446       0.9966452687513083
     656.4703802535022987       0.9786323495209217
     656.4705803869246665       1.0654973909258842
     656.4707805203469206       0.9666468650102615
     656.4709806537691748       0.9614496529102325
     656.4711807871914289       0.9878956936299801
     656.4713809206137967       1.0129264844581485
     656.4715810540360508       0.9972564280033112
     656.4717811874583049       0.9845324354246259
     656.4719813208805590       0.9712909478694201
     656.4721814543029268       1.0196247380226851
     656.4723815877251809       1.0924338549375534
     656.4725817211474350       1.0289618875831366
     656.4727818545696891       0.9482711441814899
     656.4729819879919432       1.0299945008009672
     656.4731821214143110       0.9480965919792652
     656.4733822548365652       0.9006934985518456
     656.4735823882588193       1.0528997071087360
     656.4737825216810734       0.9511778280138969
     656.4739826551034412       0.9510136619210243
     656.4741827885256953       0.9974119395483285
     656.4743829219479494       0.9725789446383715
     656.4745830553702035       0.9791799336671829
     656.4747831887925713       0.9323621764779091
     656.4749833222148254       1.0078071402385831
     656.4751834556370795       1.0169075224548578
     656.4753835890593336       0.9645961560308933
     656.4755837224817014       1.0400749482214451
     656.4757838559039556       0.9013656005263329
     656.4759839893262097       0.9806198589503765
     656.4761841227484638       1.0569009371101856
     656.4763842561708316       0.9705741349607706
     656.4765843895930857       1.0564941465854645
     656.4767845230153398       1.0451751165091991
     656.4769846564375939       0.9373267665505409
     656.4771847898599617       0.9545749463140965
     656.4773849232822158       0.9597185291349888
     656.4775850567044699       1.0180591922253370
     656.4777851901267240       0.9835391864180565
     656.4779853235490918       1.0760247185826302
     656.4781854569713460       0.9956821352243423
     656.4783855903936001       0.9654703177511692
     656.4785857238158542       0.9189724475145340
     656.4787858572381083       0.9687050990760326
     656.4789859906604761       1.0414500758051872
     656.4791861240827302       1.0006755063659512
     656.4793862575049843       1.0988509953022003
     656.4795863909272384       0.9488558769226074
     656.4797865243496062       1.0526483468711376
     656.4799866577718603       1.0159190483391285
     656.4801867911941144       0.9613111391663551
     656.4803869246163686       1.0229281485080719
     656.4805870580387364       0.9709348790347576
     656.4807871914609905       1.0281538274139166
     656.4809873248832446       0.9570378959178925
     656.4811874583054987       0.9511652775108814
     656.4813875917278665       1.0544092245399952
     656.4815877251501206       1.0816038772463799
     656.4817878585723747       0.9650603681802750
     656.4819879919946288       0.9313402399420738
     656.4821881254169966       1.0342351533472538
     656.4823882588392507       1.0357241220772266
     656.4825883922615049       0.9990797945065424
     656.4827885256837590       1.0262119174003601
     656.4829886591061268       1.0053225592710078
     656.4831887925283809       1.0193747021257877
     656.4833889259506350       1.1508683711290359
     656.4835890593728891       0.9587997831404209
     656.4837891927951432       0.9792311508208513
     656.4839893262175110       0.9397774040699005
     656.4841894596397651       0.9768760595470667
     656.4843895930620192       0.9925474515184760
     656.4845897264842733       1.0163628738373518
     656.4847898599066411       1.0473424978554249
     656.4849899933288953       0.9367380440235138
     656.4851901267511494       1.1470369696617126
     656.4853902601734035       0.9510844051837921
     656.4855903935957713       1.0142692625522614
     656.4857905270180254       0.9946899712085724
     656.4859906604402795       0.9608824327588081
     656.4861907938625336       1.1452968269586563
     656.4863909272849014       1.0190578084439039
     656.4865910607071555       0.9240292385220528
     656.4867911941294096       1.0524516478180885
     656.4869913275516637       0.9995663572044577
     656.4871914609740315       0.9844297599047422
     656.4873915943962857       1.0002390258305240
     656.4875917278185398       1.0095598958432674
     656.4877918612407939       1.0723270699381828
     656.4879919946631617       1.0306344311684370
     656.4881921280854158       1.0133302081376314
     656.4883922615076699       0.9535032398998737
     656.4885923949299240       0.9859875040128827
     656.4887925283522918       0.9880278054624796
     656.4889926617745459       1.0458914153277874
     656.4891927951968000       0.9683388508856297
     656.4893929286190541       1.0215910729020834
     656.4895930620413083       1.1218146234750748
     656.4897931954636761       0.9988420865265653
     656.4899933288859302       1.0333828330039978
     656.4901934623081843       1.0952440574765205
     656.4903935957304384       1.0960105136036873
     656.4905937291528062       1.0362663678824902
     656.4907938625750603       1.0271700825542212
     656.4909939959973144       1.0428822822868824
     656.4911941294195685       1.0107400259003043
     656.4913942628419363       1.0189502239227295
     656.4915943962641904       1.0387313626706600
     656.4917945296864445       0.9123855829238892
     656.4919946631086987       1.0540911145508289
     656.4921947965310665       1.0300471018999815
     656.4923949299533206       1.0051102750003338
     656.4925950633755747       1.0992661938071251
     656.4927951967978288       1.1016152873635292
     656.4929953302201966       0.9309253692626953
     656.4931954636424507       0.9483342468738556
     656.4933955970647048       1.0041291569359601
     656.4935957304869589       1.0101442383602262
     656.4937958639093267       0.9458706676959991
     656.4939959973315808       1.0643110647797585
     656.4941961307538350       1.0230049211531878
     656.4943962641760891       1.0471217893064022
     656.4945963975983432       0.9779591299593449
     656.4947965310207110       0.9584961533546448
     656.4949966644429651       0.9610007293522358
     656.4951967978652192       1.0274868961423635
     656.4953969312874733       1.0446328334510326
     656.4955970647098411       0.9755866788327694
     656.4957971981320952       0.9422594793140888
     656.4959973315543493       1.0151473972946405
     656.4961974649766034       1.0387482903897762
     656.4963975983989712       0.9847762342542410
     656.4965977318212254       1.0110551249235868
     656.4967978652434795       1.0619689933955669
     656.4969979986657336       1.0430176965892315
     656.4971981320881014       1.0306485984474421
     656.4973982655103555       1.0815641507506371
     656.4975983989326096       0.9803593177348375
     656.4977985323548637       1.0652335658669472
     656.4979986657772315       1.0929550155997276
     656.4981987991994856       0.9701428953558207
     656.4983989326217397       0.9430552013218403
     656.4985990660439938       0.9806478880345821
     656.4987991994663616       1.0469931028783321
     656.4989993328886158       0.9752376526594162
     656.4991994663108699       1.0012217651819810
     656.4993995997331240       1.0509035065770149
     656.4995997331554918       0.9933044672943652
     656.4997998665777459       0.9800202362239361
     656.5000000000000000       1.0031700865365565
