     656.2000000000000455       0.9578112550079823
     656.2002001334222996       0.9848760785534978
     656.2004002668445537       0.9511487223207951
     656.2006004002669215       1.0320248268544674
     656.2008005336891756       1.0392187200486660
     656.2010006671114297       1.0985215231776237
     656.2012008005336838       0.9934169664047658
     656.2014009339560516       1.0469208247959614
     656.2016010673783057       0.9935932299122214
     656.2018012008005599       0.9762610811740160
     656.2020013342228140       1.0733669772744179
     656.2022014676451818       0.9560398794710636
     656.2024016010674359       1.0205875001847744
     656.2026017344896900       0.9599352106451988
     656.2028018679119441       0.9323983862996101
     656.2030020013343119       0.9987048978218809
     656.2032021347565660       0.9839500505477190
     656.2034022681788201       0.9153888598084450
     656.2036024016010742       1.0724299699068069
     656.2038025350234420       0.9911283748224378
     656.2040026684456961       1.0238651465624571
     656.2042028018679503       1.0288176331669092
     656.2044029352902044       1.0204431153833866
     656.2046030687125722       1.0311725325882435
     656.2048032021348263       1.0318872071802616
     656.2050033355570804       1.0081677455455065
     656.2052034689793345       1.0112552046775818
     656.2054036024017023       0.8846984952688217
     656.2056037358239564       0.9716180264949799
     656.2058038692462105       1.0645950883626938
     656.2060040026684646       0.9902940243482590
     656.2062041360907187       0.9541461393237114
     656.2064042695130865       0.9978925071191043
     656.2066044029353407       1.0121012916788459
     656.2068045363575948       0.9594138376414776
     656.2070046697798489       0.9485271684825420
     656.2072048032022167       0.9309328421950340
     656.2074049366244708       0.9457992129027843
     656.2076050700467249       1.0013385632773861
     656.2078052034689790       1.0009105798089877
     656.2080053368913468       1.0279814396053553
     656.2082054703136009       1.0072146574966609
     656.2084056037358550       0.9602475576102734
     656.2086057371581092       0.9759980142116547
     656.2088058705804769       0.9096211045980453
     656.2090060040027311       0.9764916580170393
     656.2092061374249852       0.9235567599534988
     656.2094062708472393       1.0410178266465664
     656.2096064042696071       1.0228689983487129
     656.2098065376918612       0.9702374041080475
     656.2100066711141153       1.0215894505381584
     656.2102068045363694       1.0209593325853348
     656.2104069379587372       0.9380829967558384
     656.2106070713809913       0.9627337567508221
     656.2108072048032454       0.9436027742922306
     656.2110073382254996       1.0099343014881015
     656.2112074716477537       1.0668217986822128
     656.2114076050701215       0.9788094200193882
     656.2116077384923756       1.0524138882756233
     656.2118078719146297       1.0188026204705238
     656.2120080053368838       0.9848442943766713
     656.2122081387592516       0.9367486014962196
     656.2124082721815057       0.9841664526611567
     656.2126084056037598       1.0329844802618027
     656.2128085390260139       0.9803804699331522
     656.2130086724483817       1.0299557801336050
     656.2132088058706358       1.0613493397831917
     656.2134089392928900       0.9956937204115093
     656.2136090727151441       1.0037798292469233
     656.2138092061375119       1.0489638857543468
     656.2140093395597660       0.9470130316913128
     656.2142094729820201       1.0212252940982580
     656.2144096064042742       1.0348395407199860
     656.2146097398266420       0.9453097917139530
     656.2148098732488961       1.0171640608459711
     656.2150100066711502       1.0851422175765038
     656.2152101400934043       1.0280515383929014
     656.2154102735157721       1.0563190765678883
     656.2156104069380262       1.0660000741481781
     656.2158105403602804       1.0319140516221523
     656.2160106737825345       0.9962934397626668
     656.2162108072049023       0.9892668062821031
     656.2164109406271564       1.0161719992756844
     656.2166110740494105       1.0447532348334789
     656.2168112074716646       0.9937185575254261
     656.2170113408939187       0.9039867296814919
     656.2172114743162865       1.0350941680371761
     656.2174116077385406       0.9994422737509012
     656.2176117411607947       1.0252915862947702
     656.2178118745830488       0.9748949371278286
     656.2180120080054166       1.1313408464193344
     656.2182121414276708       1.0011499909451231
     656.2184122748499249       1.0223006736487150
     656.2186124082721790       1.0013735296670347
     656.2188125416945468       0.9738018177449703
     656.2190126751168009       1.0356824509799480
     656.2192128085390550       0.9618473686277866
     656.2194129419613091       0.9012847542762756
     656.2196130753836769       1.0353218764066696
     656.2198132088059310       0.9361541420221329
     656.2200133422281851       0.9542119503021240
     656.2202134756504392       1.0352608561515808
     656.2204136090728070       1.0472775436937809
     656.2206137424950612       0.9066727533936501
     656.2208138759173153       1.0497563332319260
     656.2210140093395694       1.0057870633900166
     656.2212141427619372       0.9008263349533081
     656.2214142761841913       1.0587588660418987
     656.2216144096064454       1.0005516977398656
     656.2218145430286995       1.0449564680457115
     656.2220146764509536       0.8773838952183723
     656.2222148098733214       0.9643100164830685
     656.2224149432955755       0.9970715704839677
     656.2226150767178297       0.9351446479558945
     656.2228152101400838       0.9867853103205562
     656.2230153435624516       0.9198655411601067
     656.2232154769847057       0.9554419554769993
     656.2234156104069598       1.0447394549846649
     656.2236157438292139       1.0206154938787222
     656.2238158772515817       0.9560330025851727
     656.2240160106738358       0.9810911417007446
     656.2242161440960899       0.9639471583068371
     656.2244162775183440       1.0126567427068949
     656.2246164109407118       0.9355772212147713
     656.2248165443629659       0.9891774049028754
     656.2250166777852201       1.0570156276226044
     656.2252168112074742       0.9400071837007999
     656.2254169446298420       0.9720914307981730
     656.2256170780520961       1.0729836896061897
     656.2258172114743502       1.0344056487083435
     656.2260173448966043       0.9162571057677269
     656.2262174783189721       0.9618599377572536
     656.2264176117412262       1.0989111512899399
     656.2266177451634803       0.9866807218641043
     656.2268178785857344       0.9935436686500907
     656.2270180120081022       1.0376613363623619
     656.2272181454303563       0.9291780665516853
     656.2274182788526105       1.0698879063129425
     656.2276184122748646       1.0738370642066002
     656.2278185456971187       1.0826931297779083
     656.2280186791194865       1.0694538876414299
     656.2282188125417406       1.0513248033821583
     656.2284189459639947       0.8851533532142639
     656.2286190793862488       1.0050499881617725
     656.2288192128086166       1.0087588578462601
     656.2290193462308707       1.0505509972572327
     656.2292194796531248       0.8664409518241882
     656.2294196130753789       1.0221035387367010
     656.2296197464977467       0.9153300598263741
     656.2298198799200009       1.0891331583261490
     656.2300200133422550       0.9851526152342558
     656.2302201467645091       0.9896003864705563
     656.2304202801868769       0.9868608368560672
     656.2306204136091310       1.0473622940480709
     656.2308205470313851       1.0171572882682085
     656.2310206804536392       1.0661921873688698
     656.2312208138760070       0.9435474574565887
     656.2314209472982611       1.0168539080768824
     656.2316210807205152       1.0163957774639130
     656.2318212141427693       0.9550856202840805
     656.2320213475651371       0.9887289507314563
     656.2322214809873913       1.0201329924166203
     656.2324216144096454       1.0081385737285018
     656.2326217478318995       1.0268708672374487
     656.2328218812541536       1.0744348913431168
     656.2330220146765214       0.9546081870794296
     656.2332221480987755       1.0102380234748125
     656.2334222815210296       0.9898618543520570
     656.2336224149432837       0.9513313025236130
     656.2338225483656515       0.9755182918161154
     656.2340226817879056       1.0049462448805571
     656.2342228152101598       0.9825358483940363
     656.2344229486324139       1.0111869741231203
     656.2346230820547817       1.0625447407364845
     656.2348232154770358       0.9944963245652616
     656.2350233488992899       0.9887745101004839
     656.2352234823215440       1.0293282028287649
     656.2354236157439118       1.0362515002489090
     656.2356237491661659       1.0069422828964889
     656.2358238825884200       1.0563604794442654
     656.2360240160106741       0.9694911241531372
     656.2362241494330419       1.0542123503983021
     656.2364242828552960       1.0425074733793736
     656.2366244162775502       1.0620939098298550
     656.2368245496998043       1.1262105852365494
     656.2370246831221721       0.9494882039725780
     656.2372248165444262       0.9813727159053087
     656.2374249499666803       0.9881923142820597
     656.2376250833889344       1.0161773096770048
     656.2378252168113022       0.9986988373566419
     656.2380253502335563       0.9985752713400871
     656.2382254836558104       1.0440907962620258
     656.2384256170780645       1.0270312875509262
     656.2386257505003186       1.0416306704282761
     656.2388258839226864       1.0012401713756844
     656.2390260173449406       1.0653274804353714
     656.2392261507671947       0.9883952243253589
     656.2394262841894488       0.9893324077129364
     656.2396264176118166       1.0303106959909201
     656.2398265510340707       1.0102949533611536
     656.2400266844563248       1.0096308058127761
     656.2402268178785789       1.0034434634726495
     656.2404269513009467       0.9783019814640284
     656.2406270847232008       0.9402180910110474
     656.2408272181454549       1.0274354945868254
     656.2410273515677090       0.9519782252609730
     656.2412274849900768       1.0543338954448700
     656.2414276184123310       1.0195816606283188
     656.2416277518345851       1.0081699779257178
     656.2418278852568392       1.0305617060512304
     656.2420280186792070       1.0637420862913132
     656.2422281521014611       1.0461372062563896
     656.2424282855237152       0.8023844808340073
     656.2426284189459693       0.9595213383436203
     656.2428285523683371       0.9481060728430748
     656.2430286857905912       1.0073812040500343
     656.2432288192128453       0.9888452878221869
     656.2434289526350994       1.0114330230280757
     656.2436290860574672       0.9977363389916718
     656.2438292194797214       0.9506015218794346
     656.2440293529019755       0.9460387714207172
     656.2442294863242296       0.9399880580604076
     656.2444296197464837       0.9933462515473366
     656.2446297531688515       0.9581426940858364
     656.2448298865911056       1.0299273114651442
     656.2450300200133597       0.9124467894434929
     656.2452301534356138       0.9909238154068589
     656.2454302868579816       0.9482915997505188
     656.2456304202802357       1.0532279610633850
     656.2458305537024899       1.0585762970149517
     656.2460306871247440       1.1498900800943375
     656.2462308205471118       0.9654374979436398
     656.2464309539693659       0.9085749238729477
     656.2466310873916200       0.9360017850995064
     656.2468312208138741       1.0854614004492760
     656.2470313542362419       1.0332915261387825
     656.2472314876584960       0.9799126368016005
     656.2474316210807501       0.9445689804852009
     656.2476317545030042       1.0494959689676762
     656.2478318879253720       0.9850994599983096
     656.2480320213476261       1.0082289576530457
     656.2482321547698803       1.0192723255604506
     656.2484322881921344       0.9493301622569561
     656.2486324216145022       1.0064098783768713
     656.2488325550367563       0.9427557587623596
     656.2490326884590104       1.0554572641849518
     656.2492328218812645       1.0412368178367615
     656.2494329553035186       1.0045104883611202
     656.2496330887258864       0.9579103775322437
     656.2498332221481405       0.9652956277132034
     656.2500333555703946       1.0271241106092930
     656.2502334889926487       1.0054843276739120
     656.2504336224150165       1.1031075716018677
     656.2506337558372707       1.0093947723507881
     656.2508338892595248       0.9566499032080173
     656.2510340226817789       0.9820038657635450
     656.2512341561041467       1.0184557717293501
     656.2514342895264008       0.9447997398674488
     656.2516344229486549       1.0055320388637483
     656.2518345563709090       0.9367546811699867
     656.2520346897932768       1.0143018290400505
     656.2522348232155309       1.0292672161012888
     656.2524349566377850       0.9603360593318939
     656.2526350900600391       0.9941856912337244
     656.2528352234824069       0.9663572385907173
     656.2530353569046611       1.0034203082323074
     656.2532354903269152       1.0145026389509439
     656.2534356237491693       0.9405797608196735
     656.2536357571715371       0.8700739443302155
     656.2538358905937912       0.9377226643264294
     656.2540360240160453       1.0010823787888512
     656.2542361574382994       0.9018804356455803
     656.2544362908606672       0.9519172050058842
     656.2546364242829213       0.9672348871827126
     656.2548365577051754       1.0409733839333057
     656.2550366911274295       1.1240924373269081
     656.2552368245496837       0.9845594968646765
     656.2554369579720515       1.0360545180737972
     656.2556370913943056       1.0511351004242897
     656.2558372248165597       0.9557605460286140
     656.2560373582388138       1.0246821772307158
     656.2562374916611816       1.0187386628240347
     656.2564376250834357       1.1101262792944908
     656.2566377585056898       1.0178437680006027
     656.2568378919279439       1.0405093580484390
     656.2570380253503117       0.9687251485884190
     656.2572381587725658       0.9577506631612778
     656.2574382921948200       0.9299965426325798
     656.2576384256170741       0.9958306108601391
     656.2578385590394419       1.0684814527630806
     656.2580386924616960       0.9845043178647757
     656.2582388258839501       1.0261719971895218
     656.2584389593062042       0.9535518549382687
     656.2586390927285720       1.0256354063749313
     656.2588392261508261       0.9452791102230549
     656.2590393595730802       1.0174119081348181
     656.2592394929953343       1.1008755713701248
     656.2594396264177021       1.0657919794321060
     656.2596397598399562       0.9999669222816010
     656.2598398932622104       0.9942212444730103
     656.2600400266844645       1.0172823444008827
     656.2602401601067186       0.9477456137537956
     656.2604402935290864       0.9514080174267292
     656.2606404269513405       0.9798502493649721
     656.2608405603735946       0.9894093116745353
     656.2610406937958487       0.9726688060909510
     656.2612408272182165       0.9665255025029182
     656.2614409606404706       1.0066326311789453
     656.2616410940627247       1.0239366423338652
     656.2618412274849788       1.0402917377650738
     656.2620413609073466       0.9788291342556477
     656.2622414943296008       0.9601942524313927
     656.2624416277518549       1.0395446866750717
     656.2626417611741090       0.9589017033576965
     656.2628418945964768       1.0198606345802546
     656.2630420280187309       0.9967039695475250
     656.2632421614409850       1.0494331195950508
     656.2634422948632391       1.0420314557850361
     656.2636424282856069       1.0381490178406239
     656.2638425617078610       1.0918226167559624
     656.2640426951301151       1.0192365478724241
     656.2642428285523692       0.9706235099583864
     656.2644429619747370       1.1169795989990234
     656.2646430953969912       1.0040455455891788
     656.2648432288192453       0.9822719227522612
     656.2650433622414994       0.9942221962846816
     656.2652434956638672       1.0238854233175516
     656.2654436290861213       0.9396279640495777
     656.2656437625083754       1.0707840174436569
     656.2658438959306295       1.0440976694226265
     656.2660440293528836       1.0012973200064152
     656.2662441627752514       1.0029069187585264
     656.2664442961975055       0.9773160684853792
     656.2666444296197596       0.9396690316498280
     656.2668445630420138       0.9697494804859161
     656.2670446964643816       1.0659483224153519
     656.2672448298866357       0.9804354850202799
     656.2674449633088898       0.8892559260129929
     656.2676450967311439       0.9861713955178857
     656.2678452301535117       1.0644945129752159
     656.2680453635757658       1.0177483763545752
     656.2682454969980199       0.9936056798323989
     656.2684456304202740       0.9421684779226780
     656.2686457638426418       1.0423029810190201
     656.2688458972648959       0.9657555148005486
     656.2690460306871501       1.0270495358854532
     656.2692461641094042       1.0470126830041409
     656.2694462975317720       1.0219006594270468
     656.2696464309540261       1.0051043056882918
     656.2698465643762802       0.9662913717329502
     656.2700466977985343       0.9680596366524696
     656.2702468312209021       0.9514050781726837
     656.2704469646431562       0.9755556024610996
     656.2706470980654103       0.9892802648246288
     656.2708472314876644       0.9033404290676117
     656.2710473649099185       0.9709236044436693
     656.2712474983322863       0.9360637590289116
     656.2714476317545405       0.8918209075927734
     656.2716477651767946       1.0985931158065796
     656.2718478985990487       0.9274469465017319
     656.2720480320214165       0.9870370374992490
     656.2722481654436706       0.9423804469406605
     656.2724482988659247       1.0131615493446589
     656.2726484322881788       1.0277471896260977
     656.2728485657105466       0.9440214224159718
     656.2730486991328007       1.0309638231992722
     656.2732488325550548       1.0280056539922953
     656.2734489659773089       0.9746722336858511
     656.2736490993996767       1.0542088560760021
     656.2738492328219309       0.9690776709467173
     656.2740493662441850       1.0268800593912601
     656.2742494996664391       1.0385936163365841
     656.2744496330888069       0.9626695290207863
     656.2746497665110610       1.0075822495855391
     656.2748498999333151       1.0029562793206424
     656.2750500333555692       0.9239900782704353
     656.2752501667779370       0.9267644584178925
     656.2754503002001911       1.0105913663282990
     656.2756504336224452       0.9864973099902272
     656.2758505670446993       1.0422380492091179
     656.2760507004670671       0.9775436632335186
     656.2762508338893213       0.9819188620895147
     656.2764509673115754       1.0341924317181110
     656.2766511007338295       1.0312925241887569
     656.2768512341560836       0.9828964490443468
     656.2770513675784514       0.9205397740006447
     656.2772515010007055       1.0643529519438744
     656.2774516344229596       0.9962877288926393
     656.2776517678452137       1.0048375334590673
     656.2778519012675815       1.0238734856247902
     656.2780520346898356       0.9800162985920906
     656.2782521681120897       0.9585419632494450
     656.2784523015343439       1.1043030619621277
     656.2786524349567117       0.9866685196757317
     656.2788525683789658       0.9474666938185692
     656.2790527018012199       1.0558652058243752
     656.2792528352234740       1.0188967827707529
     656.2794529686458418       0.9200052097439766
     656.2796531020680959       1.0714093595743179
     656.2798532354903500       0.9474363438785076
     656.2800533689126041       0.9166932329535484
     656.2802535023349719       1.0596263371407986
     656.2804536357572260       1.0675841495394707
     656.2806537691794802       0.9532233327627182
     656.2808539026017343       0.9557422436773777
     656.2810540360241021       1.0279608052223921
     656.2812541694463562       0.9908924093469977
     656.2814543028686103       0.9726049602031708
     656.2816544362908644       0.9753353614360094
     656.2818545697131185       1.0107121085748076
     656.2820547031354863       1.0011123502627015
     656.2822548365577404       1.0783896371722221
     656.2824549699799945       0.9898180849850178
     656.2826551034022486       0.9753083307296038
     656.2828552368246164       1.0085635483264923
     656.2830553702468706       1.0938603430986404
     656.2832555036691247       0.9524740613996983
     656.2834556370913788       0.9640108086168766
     656.2836557705137466       0.9949476746842265
     656.2838559039360007       0.9492343775928020
     656.2840560373582548       1.0971442386507988
     656.2842561707805089       1.0475608520209789
     656.2844563042028767       0.9746552370488644
     656.2846564376251308       0.9975169093813747
     656.2848565710473849       1.0264675207436085
     656.2850567044696390       1.0256208274513483
     656.2852568378920068       1.0720199272036552
     656.2854569713142610       0.9168637767434120
     656.2856571047365151       0.9412331916391850
     656.2858572381587692       0.9282440096139908
     656.2860573715811370       0.9843721836805344
     656.2862575050033911       0.9527866281569004
     656.2864576384256452       1.1411142647266388
     656.2866577718478993       0.9393492043018341
     656.2868579052702671       0.9953716802410781
     656.2870580386925212       1.1054929867386818
     656.2872581721147753       0.9807388279587030
     656.2874583055370294       0.9564463682472706
     656.2876584389592836       1.0781222134828568
     656.2878585723816514       0.9783932380378246
     656.2880587058039055       0.9649705849587917
     656.2882588392261596       0.8886322230100632
     656.2884589726484137       1.0028277512174100
     656.2886591060707815       0.9020095840096474
     656.2888592394930356       0.9786898065358400
     656.2890593729152897       1.0222645774483681
     656.2892595063375438       0.9976734258234501
     656.2894596397599116       1.1269582360982895
     656.2896597731821657       0.9649448283016682
     656.2898599066044198       0.9119099751114845
     656.2900600400266740       1.0001514151226729
     656.2902601734490418       0.9906713711097836
     656.2904603068712959       0.9545761682093143
     656.2906604402935500       0.9779841620475054
     656.2908605737158041       1.0432777926325798
     656.2910607071381719       1.0182799231261015
     656.2912608405604260       0.9703374058008194
     656.2914609739826801       0.9042582735419273
     656.2916611074049342       1.0241909269243479
     656.2918612408273020       0.8531579077243805
     656.2920613742495561       0.9550091996788979
     656.2922615076718103       0.9785136226564646
     656.2924616410940644       1.0443536341190338
     656.2926617745164322       1.0577968135476112
     656.2928619079386863       0.9845371842384338
     656.2930620413609404       1.0684027373790741
     656.2932621747831945       0.9897863892838359
     656.2934623082054486       1.0075481212697923
     656.2936624416278164       1.0076253484003246
     656.2938625750500705       0.9560157954692841
     656.2940627084723246       1.0016876409063116
     656.2942628418945787       1.0567752979695797
     656.2944629753169465       0.9546480886638165
     656.2946631087392007       1.0190788879990578
     656.2948632421614548       1.0052716033533216
     656.2950633755837089       1.0512924194335938
     656.2952635090060767       0.9815298207104206
     656.2954636424283308       0.9507748000323772
     656.2956637758505849       0.9794236868619919
     656.2958639092728390       0.9628229849040508
     656.2960640426952068       0.8819775208830833
     656.2962641761174609       1.0509401969611645
     656.2964643095397150       1.0497777871787548
     656.2966644429619691       1.0142289400100708
     656.2968645763843369       1.0425096340477467
     656.2970647098065911       1.0191011242568493
     656.2972648432288452       0.9464802034199238
     656.2974649766510993       0.9850318031385541
     656.2976651100734671       1.0428510792553425
     656.2978652434957212       1.0162514373660088
     656.2980653769179753       1.0313192643225193
     656.2982655103402294       1.0024838109966367
     656.2984656437624835       1.0065029258839786
     656.2986657771848513       1.0194143876433372
     656.2988659106071054       0.9720075596123934
     656.2990660440293595       0.9517267197370529
     656.2992661774516137       1.0935190767049789
     656.2994663108739815       1.0090465126559138
     656.2996664442962356       1.0283268895000219
     656.2998665777184897       0.9919401695951819
     656.3000667111407438       0.9750096350908279
     656.3002668445631116       0.9999016330912127
     656.3004669779853657       1.0456467159092426
     656.3006671114076198       0.9469982609152794
     656.3008672448298739       1.0273820888251066
     656.3010673782522417       1.0248876474797726
     656.3012675116744958       0.9587932266294956
     656.3014676450967499       0.9585117697715759
     656.3016677785190041       1.0299868322908878
     656.3018679119413719       1.0667531788349152
     656.3020680453636260       0.9891190016642213
     656.3022681787858801       0.9742230325937271
     656.3024683122081342       0.9673630185425282
     656.3026684456305020       0.9527151398360729
     656.3028685790527561       0.9274927899241447
     656.3030687124750102       0.9984103364404291
     656.3032688458972643       1.0144385471940041
     656.3034689793196321       0.9612135626375675
     656.3036691127418862       0.9948685062117875
     656.3038692461641403       0.9084001258015633
     656.3040693795863945       0.9450982399284840
     656.3042695130086486       0.9347371384501457
     656.3044696464310164       1.0330853126943111
     656.3046697798532705       1.0123152332380414
     656.3048699132755246       1.0132599500939250
     656.3050700466977787       1.0272292532026768
     656.3052701801201465       0.9730519913136959
     656.3054703135424006       0.9274229183793068
     656.3056704469646547       1.0253585856407881
     656.3058705803869088       1.0330209247767925
     656.3060707138092766       1.0631748437881470
     656.3062708472315308       1.0436605289578438
     656.3064709806537849       0.9785105083137751
     656.3066711140760390       1.0598264746367931
     656.3068712474984068       1.0422802977263927
     656.3070713809206609       0.9510940611362457
     656.3072715143429150       0.9731346126645803
     656.3074716477651691       0.9651105217635632
     656.3076717811875369       0.9895495651289821
     656.3078719146097910       1.0279530826956034
     656.3080720480320451       0.9383372291922569
     656.3082721814542992       0.9684632606804371
     656.3084723148766670       0.9858928006142378
     656.3086724482989212       0.9960891036316752
     656.3088725817211753       0.9978596162982285
     656.3090727151434294       0.9582996852695942
     656.3092728485656835       1.0021691897418350
     656.3094729819880513       1.0123482998460531
     656.3096731154103054       1.0337647199630737
     656.3098732488325595       1.0043050139211118
     656.3100733822548136       1.0029083280824125
     656.3102735156771814       1.0685078501701355
     656.3104736490994355       0.9425445720553398
     656.3106737825216896       1.0170336980372667
     656.3108739159439438       0.9479851126670837
     656.3110740493663116       1.0017414831090719
     656.3112741827885657       1.0836322158575058
     656.3114743162108198       0.9593165516853333
     656.3116744496330739       1.0604447312653065
     656.3118745830554417       0.9379536509513855
     656.3120747164776958       0.9677253998816013
     656.3122748498999499       1.1155541688203812
     656.3124749833222040       0.9302043020725250
     656.3126751167445718       1.0635182484984398
     656.3128752501668259       0.9839341677725315
     656.3130753835890800       0.9690053425729275
     656.3132755170113342       0.9317463785409927
     656.3134756504337020       1.0187980700284243
     656.3136757838559561       1.0664490163326263
     656.3138759172782102       0.8991491571068764
     656.3140760507004643       1.0304152574390173
     656.3142761841228321       0.9694608449935913
     656.3144763175450862       0.9827342368662357
     656.3146764509673403       1.0417596511542797
     656.3148765843895944       1.0777701213955879
     656.3150767178118485       0.9462699927389622
     656.3152768512342163       1.1044505387544632
     656.3154769846564704       1.0468065217137337
     656.3156771180787246       0.9997730053728446
     656.3158772515009787       1.0063699530437589
     656.3160773849233465       0.9244310632348061
     656.3162775183456006       1.0981969162821770
     656.3164776517678547       0.9849552195519209
     656.3166777851901088       0.9702554885298014
     656.3168779186124766       1.0088736545294523
     656.3170780520347307       0.9433043934404850
     656.3172781854569848       1.0121891396120191
     656.3174783188792389       0.9665741026401520
     656.3176784523016067       0.9898155126720667
     656.3178785857238609       0.9946867534890771
     656.3180787191461150       1.0163014270365238
     656.3182788525683691       1.0084815258160233
     656.3184789859907369       1.0353303216397762
     656.3186791194129910       0.9081146717071533
     656.3188792528352451       1.0533748157322407
     656.3190793862574992       1.0508259907364845
     656.3192795196798670       1.0094701712951064
     656.3194796531021211       1.0290154870599508
     656.3196797865243752       1.0085634524002671
     656.3198799199466293       0.9704215973615646
     656.3200800533688835       1.0594306401908398
     656.3202801867912513       0.9908620612695813
     656.3204803202135054       0.9654145389795303
     656.3206804536357595       1.0338698513805866
     656.3208805870580136       0.9770864397287369
     656.3210807204803814       1.0036748505663127
     656.3212808539026355       1.0119594652205706
     656.3214809873248896       0.9889867641031742
     656.3216811207471437       0.9779073931276798
     656.3218812541695115       0.9309833720326424
     656.3220813875917656       1.0594209730625153
     656.3222815210140197       0.9435212016105652
     656.3224816544362739       0.9941510329954326
     656.3226817878586417       1.0447780750691891
     656.3228819212808958       0.9579136371612549
     656.3230820547031499       1.0592048242688179
     656.3232821881254040       0.9869099734351039
     656.3234823215477718       1.0405911244452000
     656.3236824549700259       0.9481888599693775
     656.3238825883922800       0.9440624527633190
     656.3240827218145341       1.0493001602590084
     656.3242828552369019       0.9545382559299469
     656.3244829886591560       1.0920227095484734
     656.3246831220814101       1.0025554492603987
     656.3248832555036643       1.0487397089600563
     656.3250833889260321       1.0214315727353096
     656.3252835223482862       0.9761518277227879
     656.3254836557705403       0.9637740999460220
     656.3256837891927944       0.9498463906347752
     656.3258839226150485       1.0623839795589447
     656.3260840560374163       1.0015455512329936
     656.3262841894596704       0.9770996961742640
     656.3264843228819245       0.9874191060662270
     656.3266844563041786       0.9397038109600543
     656.3268845897265464       0.9606345631182193
     656.3270847231488005       0.9511602558195589
     656.3272848565710547       0.9454583153128621
     656.3274849899933088       0.9455884434282775
     656.3276851234156766       0.9614535421133035
     656.3278852568379307       0.9504818692803373
     656.3280853902601848       0.9677151218056664
     656.3282855236824389       0.9437119998037793
     656.3284856571048067       0.9663294367492166
     656.3286857905270608       0.8973286971449803
     656.3288859239493149       0.9453609026968407
     656.3290860573715690       0.9411977864801777
     656.3292861907939368       0.9130529463291011
     656.3294863242161910       1.0155506851151352
     656.3296864576384451       0.9430452212690965
     656.3298865910606992       1.0987434312700723
     656.3300867244830670       0.9931020652874570
     656.3302868579053211       1.0069420831276896
     656.3304869913275752       0.9817025605587595
     656.3306871247498293       0.9926405102012282
     656.3308872581721971       0.9027704298492976
     656.3310873915944512       1.0711381360883760
     656.3312875250167053       0.9651821404688710
     656.3314876584389594       0.9843704495569233
     656.3316877918612136       1.0368342623100584
     656.3318879252835814       0.9576488137225160
     656.3320880587058355       1.0298551171989505
     656.3322881921280896       1.0062693492468822
     656.3324883255503437       0.9524145275296775
     656.3326884589727115       0.9365797713317398
     656.3328885923949656       1.0124050108600784
     656.3330887258172197       1.0178560707556037
     656.3332888592394738       1.0452319718669640
     656.3334889926618416       0.9779093283840846
     656.3336891260840957       1.0148166520075108
     656.3338892595063498       1.1099097504590107
     656.3340893929286040       0.9650458692639698
     656.3342895263509718       0.9638465120188985
     656.3344896597732259       1.0394841989705199
     656.3346897931954800       1.0551678722295996
     656.3348899266177341       0.9381967221026372
     656.3350900600401019       1.0146803320709941
     656.3352901934623560       1.0562540845598416
     656.3354903268846101       0.9024204529161973
     656.3356904603068642       0.9787180598945406
     656.3358905937292320       1.0453409872817576
     656.3360907271514861       1.0059550994175659
     656.3362908605737402       0.9993432134278506
     656.3364909939959944       1.0844633914555217
     656.3366911274182485       0.9342351058673924
     656.3368912608406163       1.0435531072077968
     656.3370913942628704       1.0232292565715606
     656.3372915276851245       0.9570992282295888
     656.3374916611073786       0.9526503856898887
     656.3376917945297464       1.1060790578714976
     656.3378919279520005       1.0409148238739085
     656.3380920613742546       0.9944561601680456
     656.3382921947965087       1.0461657894455316
     656.3384923282188765       1.0167975818708133
     656.3386924616411306       0.9782920296820168
     656.3388925950633848       0.9133899137199055
     656.3390927284856389       0.9757136378567145
     656.3392928619080067       0.9279973839371789
     656.3394929953302608       1.0012288804324305
     656.3396931287525149       0.9550681819078198
     656.3398932621747690       0.9615576180534702
     656.3400933955971368       1.0729269995435256
     656.3402935290193909       1.0160929828008172
     656.3404936624416450       1.0360743245164008
     656.3406937958638991       1.0001514313140711
     656.3408939292862669       0.9913686895636382
     656.3410940627085211       0.9929475213093194
     656.3412941961307752       0.9589287965432398
     656.3414943295530293       0.9693929556973236
     656.3416944629753971       1.0338432079146123
     656.3418945963976512       1.0558167873124897
     656.3420947298199053       0.9858813696724416
     656.3422948632421594       0.9779137974618445
     656.3424949966644135       1.0331725919548749
     656.3426951300867813       0.9944415771886537
     656.3428952635090354       0.9951723520440240
     656.3430953969312895       1.0110358336621794
     656.3432955303535437       0.9461620454285242
     656.3434956637759115       1.0006068042510505
     656.3436957971981656       1.0450412201037671
     656.3438959306204197       0.9176776492392078
     656.3440960640426738       0.9591138913543471
     656.3442961974650416       0.9518728028839054
     656.3444963308872957       0.9920472138757658
     656.3446964643095498       1.0278208264808169
     656.3448965977318039       1.0573239573612183
     656.3450967311541717       1.0922469533983479
     656.3452968645764258       1.0194196009594791
     656.3454969979986799       1.0401826756025212
     656.3456971314209341       1.0607387261840153
     656.3458972648433019       1.1169782234274086
     656.3460973982655560       1.1152928267550344
     656.3462975316878101       0.9882792810638152
     656.3464976651100642       0.9588786898795389
     656.3466977985324320       0.8948714640997354
     656.3468979319546861       1.0376758007555915
     656.3470980653769402       1.0522086970376536
     656.3472981987991943       1.0147318643704168
     656.3474983322214484       0.9744418992298644
     656.3476984656438162       0.9521712357088943
     656.3478985990660703       1.0415798645068581
     656.3480987324883245       1.1020691165162964
     656.3482988659105786       1.0093219522264281
     656.3484989993329464       1.0640876281740135
     656.3486991327552005       0.9821980801298198
     656.3488992661774546       1.0785354859221452
     656.3490993995997087       0.9971927777991767
     656.3492995330220765       1.0250069232074992
     656.3494996664443306       1.0278523729219686
     656.3496997998665847       1.0386371903512281
     656.3498999332888388       1.1102906912155210
     656.3501000667112066       0.9818315670532446
     656.3503002001334607       0.9925235269383438
     656.3505003335557149       0.9585193825977129
     656.3507004669779690       1.0704306702478701
     656.3509006004003368       0.9165090722101050
     656.3511007338225909       0.9372222078126295
     656.3513008672448450       1.0278754583961236
     656.3515010006670991       1.0022835583137453
     656.3517011340894669       1.0250930258322903
     656.3519012675117210       1.0079688956536517
     656.3521014009339751       1.0012959659965928
     656.3523015343562292       0.9864153430998860
     656.3525016677785970       0.9480516478816819
     656.3527018012008512       0.9432796814378971
     656.3529019346231053       1.0083018001085164
     656.3531020680453594       1.0227085379044625
     656.3533022014676135       0.9835079939372726
     656.3535023348899813       0.8525633053433104
     656.3537024683122354       0.9686010797354563
     656.3539026017344895       0.8751692625079166
     656.3541027351567436       1.0585631566169185
     656.3543028685791114       0.9671348325240522
     656.3545030020013655       0.9421298313228824
     656.3547031354236196       0.7652947147978211
     656.3549032688458738       1.0282598825193596
     656.3551034022682416       0.9939179155896566
     656.3553035356904957       0.9377011168591743
     656.3555036691127498       0.9403424490315573
     656.3557038025350039       0.9353516660782319
     656.3559039359573717       0.8244006459940419
     656.3561040693796258       0.9230927142385537
     656.3563042028018799       0.8991211789047702
     656.3565043362241340       0.9354191991906066
     656.3567044696465018       0.8974023820391989
     656.3569046030687559       0.8504589453513657
     656.3571047364910100       0.8858996670814621
     656.3573048699132642       0.8220966339645714
     656.3575050033356320       0.8913379340951638
     656.3577051367578861       0.8274827160431562
     656.3579052701801402       0.8729678706092352
     656.3581054036023943       0.8666354186369307
     656.3583055370246484       0.8467101652826028
     656.3585056704470162       0.8641836888808705
     656.3587058038692703       0.8023858846332389
     656.3589059372915244       0.7731570108381927
     656.3591060707137785       0.8658894676713209
     656.3593062041361463       0.8624322449490599
     656.3595063375584004       0.8107995481836422
     656.3597064709806546       0.7985948618330687
     656.3599066044029087       0.7162215781411914
     656.3601067378252765       0.8104289208771714
     656.3603068712475306       0.7524962056907714
     656.3605070046697847       0.7634066637244208
     656.3607071380920388       0.8784471186161271
     656.3609072715144066       0.8521860881979891
     656.3611074049366607       0.7610522956409072
     656.3613075383589148       0.7796947431761010
     656.3615076717811689       0.8034488512751085
     656.3617078052035367       0.8785155665355873
     656.3619079386257908       0.8087001900160077
     656.3621080720480450       0.8548917931337152
     656.3623082054702991       0.8225963846795582
     656.3625083388926669       0.8307603264848376
     656.3627084723149210       0.8280141608270788
     656.3629086057371751       0.8620524907772003
     656.3631087391594292       0.7914702074186677
     656.3633088725817970       0.8709124113286952
     656.3635090060040511       0.8524134207564206
     656.3637091394263052       0.7863431921515605
     656.3639092728485593       0.9147487798988740
     656.3641094062708135       0.8544592744906530
     656.3643095396931813       0.8614582796356990
     656.3645096731154354       0.8409999152105322
     656.3647098065376895       0.8535434915592101
     656.3649099399599436       0.7789921560706121
     656.3651100733823114       0.9012183998837989
     656.3653102068045655       0.7607406456772829
     656.3655103402268196       0.9192397936258847
     656.3657104736490737       0.7967702814573057
     656.3659106070714415       0.8705046761114594
     656.3661107404936956       0.9958205896736084
     656.3663108739159497       0.9335018318445877
     656.3665110073382039       0.8740339716348413
     656.3667111407605717       0.9786460469824491
     656.3669112741828258       0.9282904776501764
     656.3671114076050799       0.9822624934177024
     656.3673115410273340       0.9531249712153513
     656.3675116744497018       0.9427691297700540
     656.3677118078719559       0.8636900983996297
     656.3679119412942100       0.9211261257663628
     656.3681120747164641       0.9972398323713373
     656.3683122081388319       0.9949252429538662
     656.3685123415610860       1.0223680099564700
     656.3687124749833401       0.9584442941217007
     656.3689126084055943       1.0568299193409016
     656.3691127418278484       0.9584391022568747
     656.3693128752502162       0.9879914957245014
     656.3695130086724703       0.9581123273675705
     656.3697131420947244       1.0337998395238777
     656.3699132755169785       1.0450676854637666
     656.3701134089393463       0.9421691400605231
     656.3703135423616004       0.8852901450706194
     656.3705136757838545       1.0380227575663894
     656.3707138092061086       0.9898588514093023
     656.3709139426284764       0.8092843361038093
     656.3711140760507305       0.9970011998121284
     656.3713142094729847       1.0110821956918619
     656.3715143428952388       0.9863316570006562
     656.3717144763176066       1.0203058113217249
     656.3719146097398607       1.0517405223808587
     656.3721147431621148       1.0047569112765944
     656.3723148765843689       0.9755882285352356
     656.3725150100067367       0.9569598835059984
     656.3727151434289908       1.0489167144764666
     656.3729152768512449       1.0378882424683082
     656.3731154102734990       1.0289766483697753
     656.3733155436958668       1.0292316344766572
     656.3735156771181209       0.8998703889378387
     656.3737158105403751       0.9883429477450426
     656.3739159439626292       0.9691249618531403
     656.3741160773849970       1.0026486690727614
     656.3743162108072511       1.0328795669863622
     656.3745163442295052       0.9430511672591783
     656.3747164776517593       1.0924550783309379
     656.3749166110740134       0.9908428257097548
     656.3751167444963812       1.0537160376412236
     656.3753168779186353       1.0388831508215148
     656.3755170113408894       1.0119038515888128
     656.3757171447631436       0.9166938221462425
     656.3759172781855113       0.9192616710434505
     656.3761174116077655       0.9786054231277882
     656.3763175450300196       0.9827359312430788
     656.3765176784522737       0.9959157157151332
     656.3767178118746415       0.9782973728059248
     656.3769179452968956       0.9651917865072059
     656.3771180787191497       1.0080045101773476
     656.3773182121414038       1.0800194498156057
     656.3775183455637716       1.0322290072153990
     656.3777184789860257       1.0214010340112394
     656.3779186124082798       1.0099292326760481
     656.3781187458305340       1.0280965110179932
     656.3783188792529018       0.8959683374540597
     656.3785190126751559       1.0601866251678349
     656.3787191460974100       1.0571521665583430
     656.3789192795196641       1.0004530130902274
     656.3791194129420319       1.0206253520226687
     656.3793195463642860       1.0440460686818696
     656.3795196797865401       1.0242177550447962
     656.3797198132087942       0.9923442600790350
     656.3799199466311620       0.9762233779389111
     656.3801200800534161       0.9984045574192140
     656.3803202134756702       1.0303023087194054
     656.3805203468979244       1.0014290028947506
     656.3807204803201785       0.9262587708543184
     656.3809206137425463       1.1076601672533237
     656.3811207471648004       1.0418754383568116
     656.3813208805870545       0.9970121728550948
     656.3815210140093086       1.1132109807737438
     656.3817211474316764       1.0382254745803552
     656.3819212808539305       0.9866464735053013
     656.3821214142761846       0.9783013146408813
     656.3823215476984387       0.9928371330215888
     656.3825216811208065       0.9827517586038840
     656.3827218145430606       1.0541688548841772
     656.3829219479653148       1.0012061076562353
     656.3831220813875689       0.9773679656204133
     656.3833222148099367       0.9630279290194910
     656.3835223482321908       0.9919561257683840
     656.3837224816544449       0.9550657380705698
     656.3839226150766990       0.9517699049444364
     656.3841227484990668       1.0638361753535910
     656.3843228819213209       0.9829972000406357
     656.3845230153435750       1.0085982479649682
     656.3847231487658291       0.9664966856314483
     656.3849232821881969       0.9741956578712360
     656.3851234156104510       1.0243456521845291
     656.3853235490327052       1.0861453779553276
     656.3855236824549593       0.9523097159857475
     656.3857238158772134       1.0509344335673521
     656.3859239492995812       0.9626728740626125
     656.3861240827218353       0.9502904003398401
     656.3863242161440894       1.0059878801447126
     656.3865243495663435       1.0565774327988144
     656.3867244829887113       0.9326687826973041
     656.3869246164109654       0.9601565375397489
     656.3871247498332195       0.9415000117937968
     656.3873248832554737       1.0373827032475313
     656.3875250166778414       0.9059488326118964
     656.3877251501000956       0.9900128804010626
     656.3879252835223497       1.0104466406531598
     656.3881254169446038       0.9790430460056662
     656.3883255503669716       1.0483823642086294
     656.3885256837892257       1.0105480952154324
     656.3887258172114798       0.9696726165687971
     656.3889259506337339       1.0198832005245628
     656.3891260840561017       0.9163041487324459
     656.3893262174783558       0.9671459272495699
     656.3895263509006099       0.9449278898531491
     656.3897264843228641       1.0625556856389884
     656.3899266177452319       0.9652687050399446
     656.3901267511674860       0.9883915642274531
     656.3903268845897401       0.9965392271986803
     656.3905270180119942       0.9661816284059592
     656.3907271514343620       1.0016504069789636
     656.3909272848566161       1.0453984998166148
     656.3911274182788702       0.9867045115679220
     656.3913275517011243       0.9471247978508280
     656.3915276851233784       1.0494607128202786
     656.3917278185457462       0.9828241392969997
     656.3919279519680003       1.1053920313715877
     656.3921280853902545       1.1300029903650244
     656.3923282188125086       0.9686936177313301
     656.3925283522348764       1.0269503574818355
     656.3927284856571305       1.0515944473445402
     656.3929286190793846       1.0402176268398753
     656.3931287525016387       1.0660636723041530
     656.3933288859240065       1.0057222512550648
     656.3935290193462606       0.9768704026937483
     656.3937291527685147       1.0040435520932078
     656.3939292861907688       0.8991940245032309
     656.3941294196131366       1.0366891101002693
     656.3943295530353907       1.0469492934644222
     656.3945296864576449       0.9177743121981621
     656.3947298198798990       1.0173258576542139
     656.3949299533022668       0.9452151842415333
     656.3951300867245209       0.9975454339291900
     656.3953302201467750       0.9573097825050354
     656.3955303535690291       0.9632644467055798
     656.3957304869913969       0.9579834043979645
     656.3959306204136510       0.9816421139985323
     656.3961307538359051       1.0025537663605064
     656.3963308872581592       0.9984790696762502
     656.3965310206804133       0.9475598447024822
     656.3967311541027811       1.0010047348914668
     656.3969312875250353       0.9588342048227787
     656.3971314209472894       1.0186782609671354
     656.3973315543695435       1.0923549756407738
     656.3975316877919113       0.9868720918893814
     656.3977318212141654       1.0342762880027294
     656.3979319546364195       0.9883981719613075
     656.3981320880586736       1.0180889964103699
     656.3983322214810414       0.9358787834644318
     656.3985323549032955       1.0230547878891230
     656.3987324883255496       0.9746962692588568
     656.3989326217478038       0.9725227113813162
     656.3991327551701715       0.9561001174151897
     656.3993328885924257       1.0413217023015022
     656.3995330220146798       0.9270133972167969
     656.3997331554369339       0.9758986812084913
     656.3999332888593017       0.9442633017897606
     656.4001334222815558       1.0924599468708038
     656.4003335557038099       1.0209247786551714
     656.4005336891260640       1.0437113083899021
     656.4007338225484318       0.9425730518996716
     656.4009339559706859       0.8724311590194702
     656.4011340893929400       0.9440849944949150
     656.4013342228151942       0.9212862327694893
     656.4015343562375620       1.0261254645884037
     656.4017344896598161       0.9323645308613777
     656.4019346230820702       0.9750075731426477
     656.4021347565043243       1.0265505220741034
     656.4023348899265784       1.0552180111408234
     656.4025350233489462       1.0070174196735024
     656.4027351567712003       0.9950524088926613
     656.4029352901934544       0.9968855187762529
     656.4031354236157085       0.9644219540059566
     656.4033355570380763       0.9870010688900948
     656.4035356904603304       1.0087592294439673
     656.4037358238825846       1.0227829720824957
     656.4039359573048387       1.1475590318441391
     656.4041360907272065       1.0124095492064953
     656.4043362241494606       1.0903977081179619
     656.4045363575717147       0.9971776963211596
     656.4047364909939688       1.0052305175922811
     656.4049366244163366       0.9617887586355209
     656.4051367578385907       0.9554180130362511
     656.4053368912608448       0.9889922309666872
     656.4055370246830989       0.9674842692911625
     656.4057371581054667       0.9951275647617877
     656.4059372915277208       0.9619150273501873
     656.4061374249499750       0.9688748959451914
     656.4063375583722291       0.9627104178071022
     656.4065376917945969       0.9464448615908623
     656.4067378252168510       0.9477347247302532
     656.4069379586391051       0.9509491957724094
     656.4071380920613592       1.0238000322133303
     656.4073382254836133       0.9607795514166355
     656.4075383589059811       0.9836981911212206
     656.4077384923282352       0.9424777738749981
     656.4079386257504893       1.0835720598697662
     656.4081387591727434       1.0701959431171417
     656.4083388925951112       0.9690059442073107
     656.4085390260173654       1.0068397833965719
     656.4087391594396195       1.0253620147705078
     656.4089392928618736       0.9973275153897703
     656.4091394262842414       0.9474170245230198
     656.4093395597064955       0.9820623267441988
     656.4095396931287496       0.9841901790350676
     656.4097398265510037       1.0061389380134642
     656.4099399599733715       0.9179007411003113
     656.4101400933956256       0.9944336856715381
     656.4103402268178797       1.0057845888659358
     656.4105403602401339       1.0369857549667358
     656.4107404936625016       0.9573416449129581
     656.4109406270847558       0.9296788424253464
     656.4111407605070099       0.9655949100852013
     656.4113408939292640       1.0113527681678534
     656.4115410273516318       1.0217488706111908
     656.4117411607738859       1.0361914336681366
     656.4119412941961400       1.0237452909350395
     656.4121414276183941       0.9773313943296671
     656.4123415610407619       0.9806921500712633
     656.4125416944630160       0.9983699154108763
     656.4127418278852701       0.9719684664160013
     656.4129419613075243       1.1060709133744240
     656.4131420947297784       1.0400732271373272
     656.4133422281521462       0.9894696781411767
     656.4135423615744003       1.0010370671516284
     656.4137424949966544       0.9723317939788103
     656.4139426284189085       1.0040536038577557
     656.4141427618412763       0.9259642884135246
     656.4143428952635304       0.9750362336635590
     656.4145430286857845       0.9575614482164383
     656.4147431621080386       0.9527180641889572
     656.4149432955304064       0.9606887847185135
     656.4151434289526605       1.0080548366531730
     656.4153435623749147       1.0400617718696594
     656.4155436957971688       1.1077073812484741
     656.4157438292195366       1.0370462201535702
     656.4159439626417907       0.9714581761509180
     656.4161440960640448       0.8936638012528419
     656.4163442294862989       1.0919747278094292
     656.4165443629086667       0.9845558749511838
     656.4167444963309208       1.1116636916995049
     656.4169446297531749       1.0625421255826950
     656.4171447631754290       1.0395685657858849
     656.4173448965977968       0.9379606135189533
     656.4175450300200509       1.0025689343456179
     656.4177451634423051       1.0287060644477606
     656.4179452968645592       0.9522344954311848
     656.4181454302869270       0.9392413832247257
     656.4183455637091811       1.0873039439320564
     656.4185456971314352       1.0101042939350009
     656.4187458305536893       0.9656875766813755
     656.4189459639759434       1.0077688763849437
     656.4191460973983112       0.9427947737276554
     656.4193462308205653       1.0298790037631989
     656.4195463642428194       1.0030287315603346
     656.4197464976650735       1.0344777666032314
     656.4199466310874413       0.9946770011447370
     656.4201467645096955       0.9764367714524269
     656.4203468979319496       1.0327417068183422
     656.4205470313542037       0.9514133296906948
     656.4207471647765715       1.0473671704530716
     656.4209472981988256       1.0038505529519171
     656.4211474316210797       1.0820205733180046
     656.4213475650433338       0.9522328674793243
     656.4215476984657016       1.0780311226844788
     656.4217478318879557       1.0424052178859711
     656.4219479653102098       1.0122408438473940
     656.4221480987324640       1.0369658134877682
     656.4223482321548317       1.0523898862302303
     656.4225483655770859       1.0473122559487820
     656.4227484989993400       1.0816239044070244
     656.4229486324215941       1.0637098029255867
     656.4231487658439619       0.9845667909830809
     656.4233488992662160       0.9309881255030632
     656.4235490326884701       0.9840541481971741
     656.4237491661107242       1.0153791820630431
     656.4239492995329783       1.1024300381541252
     656.4241494329553461       0.9933179691433907
     656.4243495663776002       0.9615253545343876
     656.4245496997998544       0.9965775101445615
     656.4247498332221085       0.9927578507922590
     656.4249499666444763       0.9775110501796007
     656.4251501000667304       0.9830461125820875
     656.4253502334889845       1.0556061826646328
     656.4255503669112386       0.9335549622774124
     656.4257505003336064       0.9906741846352816
     656.4259506337558605       0.9784803260117769
     656.4261507671781146       1.0672402679920197
     656.4263509006003687       1.0525148101150990
     656.4265510340227365       0.9877340747043490
     656.4267511674449906       0.9109789654612541
     656.4269513008672448       0.9417284838855267
     656.4271514342894989       1.0074117109179497
     656.4273515677118667       0.9777710214257240
     656.4275517011341208       0.9595771953463554
     656.4277518345563749       0.9481528289616108
     656.4279519679786290       1.0256775151938200
     656.4281521014009968       0.9829442258924246
     656.4283522348232509       0.9682917855679989
     656.4285523682455050       1.0104270279407501
     656.4287525016677591       1.0309682674705982
     656.4289526350901269       0.9883821671828628
     656.4291527685123810       1.0141883781179786
     656.4293529019346352       1.0545719154179096
     656.4295530353568893       1.0486833266913891
     656.4297531687791434       1.0165264811366796
     656.4299533022015112       1.0067787258885801
     656.4301534356237653       0.9670298360288143
     656.4303535690460194       1.0310970339924097
     656.4305537024682735       0.9489832334220409
     656.4307538358906413       1.0116857644170523
     656.4309539693128954       1.0425500832498074
     656.4311541027351495       0.9757228530943394
     656.4313542361574036       1.0562406294047832
     656.4315543695797714       0.9886820269748569
     656.4317545030020256       0.9686755575239658
     656.4319546364242797       1.0206454563885927
     656.4321547698465338       0.9904605736956000
     656.4323549032689016       0.9085972458124161
     656.4325550366911557       0.9959934088401496
     656.4327551701134098       0.9216350167989731
     656.4329553035356639       0.9655313715338707
     656.4331554369580317       0.9628119617700577
     656.4333555703802858       0.8876403942704201
     656.4335557038025399       1.0322154834866524
     656.4337558372247940       0.9831188935786486
     656.4339559706471618       1.0437681563198566
     656.4341561040694160       0.9831932932138443
     656.4343562374916701       0.8906825855374336
     656.4345563709139242       1.0727214217185974
     656.4347565043361783       1.0550324097275734
     656.4349566377585461       0.9625910893082619
     656.4351567711808002       0.9732825327664614
     656.4353569046030543       1.0097439875826240
     656.4355570380253084       1.0399888232350349
     656.4357571714476762       0.9968032047618181
     656.4359573048699303       1.1313850134611130
     656.4361574382921845       1.0333885774016380
     656.4363575717144386       1.0243808981031179
     656.4365577051368064       0.9985900279134512
     656.4367578385590605       0.9994222279638052
     656.4369579719813146       0.9745540134608746
     656.4371581054035687       1.0059871040284634
     656.4373582388259365       1.0355567373335361
     656.4375583722481906       1.0149107053875923
     656.4377585056704447       0.8926205113530159
     656.4379586390926988       1.0395466610789299
     656.4381587725150666       0.9184342920780182
     656.4383589059373207       1.0061504035256803
     656.4385590393595749       0.9885691646486521
     656.4387591727818290       1.0003646230616141
     656.4389593062041968       1.0673177391290665
     656.4391594396264509       0.9897513147443533
     656.4393595730487050       0.9448519870638847
     656.4395597064709591       1.0497806444764137
     656.4397598398933269       0.9363940209150314
     656.4399599733155810       1.0760001763701439
     656.4401601067378351       0.9821607861667871
     656.4403602401600892       0.9004574120044708
     656.4405603735823433       1.0317824669182301
     656.4407605070047111       1.0013280904386193
     656.4409606404269653       1.0977161526679993
     656.4411607738492194       1.0634953007102013
     656.4413609072714735       1.0483868792653084
     656.4415610406938413       1.0042431107722223
     656.4417611741160954       0.8913907408714294
     656.4419613075383495       1.0361315421760082
     656.4421614409606036       1.0320987068116665
     656.4423615743829714       1.0154208866879344
     656.4425617078052255       1.0150020346045494
     656.4427618412274796       1.0190016161650419
     656.4429619746497337       0.9963063432369381
     656.4431621080721015       0.9862845996394753
     656.4433622414943557       1.0092908125370741
     656.4435623749166098       0.9276864528656006
     656.4437625083388639       1.0623539984226227
     656.4439626417612317       0.9714533854275942
     656.4441627751834858       0.9402555525302887
     656.4443629086057399       1.0446494966745377
     656.4445630420279940       1.0364043414592743
     656.4447631754503618       0.9702879451215267
     656.4449633088726159       0.9574377313256264
     656.4451634422948700       1.0462998561561108
     656.4453635757171241       1.0483172461390495
     656.4455637091393783       1.0773925110697746
     656.4457638425617461       1.0290553811937571
     656.4459639759840002       0.9986726136412472
     656.4461641094062543       1.0225524511188269
     656.4463642428285084       1.0622114911675453
     656.4465643762508762       1.0133662763983011
     656.4467645096731303       1.0957434102892876
     656.4469646430953844       0.9762679114937782
     656.4471647765176385       0.8997291997075081
     656.4473649099400063       0.9096277728676796
     656.4475650433622604       0.9441553354263306
     656.4477651767845146       0.9193039909005165
     656.4479653102067687       0.9702186249196529
     656.4481654436291365       1.0235636495053768
     656.4483655770513906       1.0418122075498104
     656.4485657104736447       1.0522375889122486
     656.4487658438958988       1.0163602102547884
     656.4489659773182666       0.9592714160680771
     656.4491661107405207       1.0492155626416206
     656.4493662441627748       1.0461831092834473
     656.4495663775850289       1.0812349915504456
     656.4497665110073967       1.0716025978326797
     656.4499666444296508       1.0470384620130062
     656.4501667778519050       0.9727555420249701
     656.4503669112741591       0.9125949218869209
     656.4505670446965269       0.9461781196296215
     656.4507671781187810       1.0117839267477393
     656.4509673115410351       1.0556064918637276
     656.4511674449632892       0.9599494598805904
     656.4513675783855433       1.0466973781585693
     656.4515677118079111       0.9405157081782818
     656.4517678452301652       1.0618630722165108
     656.4519679786524193       1.0366105809807777
     656.4521681120746734       1.0214200373739004
     656.4523682454970412       0.9537748582661152
     656.4525683789192954       0.9720727670937777
     656.4527685123415495       0.9304386526346207
     656.4529686457638036       0.9350909963250160
     656.4531687791861714       1.0267250929027796
     656.4533689126084255       0.9227349907159805
     656.4535690460306796       0.9954152116551995
     656.4537691794529337       1.0870059728622437
     656.4539693128753015       1.0540730133652687
     656.4541694462975556       0.8429507464170456
     656.4543695797198097       1.0610165297985077
     656.4545697131420638       0.9787998441606760
     656.4547698465644316       0.9829694274812937
     656.4549699799866858       1.1058528572320938
     656.4551701134089399       1.0608071200549603
     656.4553702468311940       1.0300432480871677
     656.4555703802535618       1.1231140866875648
     656.4557705136758159       1.0708456486463547
     656.4559706470980700       1.0230447687208652
     656.4561707805203241       1.0741583928465843
     656.4563709139425782       0.9492020830512047
     656.4565710473649460       1.0025052900891751
     656.4567711807872001       1.0372091680765152
     656.4569713142094542       0.9905669027939439
     656.4571714476317084       0.9691449217498302
     656.4573715810540762       1.0222619026899338
     656.4575717144763303       1.0074113854207098
     656.4577718478985844       1.0811226516962051
     656.4579719813208385       1.0310649070888758
     656.4581721147432063       0.9598016813397408
     656.4583722481654604       1.0577198229730129
     656.4585723815877145       1.0543006658554077
     656.4587725150099686       0.9061558023095131
     656.4589726484323364       1.1088302657008171
     656.4591727818545905       1.0180208068341017
     656.4593729152768447       1.0447646789252758
     656.4595730486990988       0.9835016708821058
     656.4597731821214666       0.9567966572940350
     656.4599733155437207       0.9921932197175920
     656.4601734489659748       1.0059315832331777
     656.4603735823882289       0.9561570920050144
     656.4605737158105967       1.0679481700062752
     656.4607738492328508       1.0371221452951431
     656.4609739826551049       0.9681569933891296
     656.4611741160773590       0.9968231481034309
     656.4613742494997268       0.9760192520916462
     656.4615743829219809       0.9744126312434673
     656.4617745163442351       1.0004406209627632
     656.4619746497664892       1.0206303633749485
     656.4621747831887433       1.1117075458168983
     656.4623749166111111       0.9422884024679661
     656.4625750500333652       1.0371240749955177
     656.4627751834556193       1.0231044236570597
     656.4629753168778734       1.0330817624926567
     656.4631754503002412       0.9327605441212654
     656.4633755837224953       1.1007479578256607
     656.4635757171447494       1.0185841191560030
     656.4637758505670035       1.0467004552483559
     656.4639759839893713       0.8701498657464981
     656.4641761174116255       0.9479697830975056
     656.4643762508338796       1.0063944174908102
     656.4645763842561337       0.9786736965179443
     656.4647765176785015       1.0175604205578566
     656.4649766511007556       0.9604377672076225
     656.4651767845230097       1.0164363123476505
     656.4653769179452638       0.9336738884449005
     656.4655770513676316       0.9898352492600679
     656.4657771847898857       1.0213152300566435
     656.4659773182121398       0.8716391474008560
     656.4661774516343939       0.9265263453125954
     656.4663775850567617       0.9893582593649626
     656.4665777184790159       1.0153162023052573
     656.4667778519012700       1.0457158498466015
     656.4669779853235241       1.0823616907000542
     656.4671781187458919       0.9594445303082466
     656.4673782521681460       1.1232312694191933
     656.4675783855904001       0.9134942591190338
     656.4677785190126542       1.0357148014008999
     656.4679786524349083       0.9778676461428404
     656.4681787858572761       0.9555206336081028
     656.4683789192795302       0.9076880142092705
     656.4685790527017843       1.1209166049957275
     656.4687791861240385       0.9658818133175373
     656.4689793195464063       0.8758027553558350
     656.4691794529686604       1.0236607454717159
     656.4693795863909145       0.9725596066564322
     656.4695797198131686       1.0254374351352453
     656.4697798532355364       0.9107449054718018
     656.4699799866577905       1.0848828330636024
     656.4701801200800446       1.0366905182600021
     656.4703802535022987       0.9350228160619736
     656.4705803869246665       0.9504204466938972
     656.4707805203469206       0.9135381653904915
     656.4709806537691748       1.0466976426541805
     656.4711807871914289       1.0458549037575722
     656.4713809206137967       1.0583844184875488
     656.4715810540360508       0.9223324730992317
     656.4717811874583049       0.9652029760181904
     656.4719813208805590       0.9616263806819916
     656.4721814543029268       0.9784457478672266
     656.4723815877251809       1.0042679379694164
     656.4725817211474350       0.9745418075472116
     656.4727818545696891       1.0623051114380360
     656.4729819879919432       0.9857023069635034
     656.4731821214143110       0.9543810673058033
     656.4733822548365652       0.9593991562724113
     656.4735823882588193       0.9972433682996780
     656.4737825216810734       0.9749360438436270
     656.4739826551034412       0.9986295496346429
     656.4741827885256953       0.9723372031003237
     656.4743829219479494       1.0150048462674022
     656.4745830553702035       1.0066290306858718
     656.4747831887925713       1.0206623952835798
     656.4749833222148254       1.0174744110554457
     656.4751834556370795       0.9606904126703739
     656.4753835890593336       1.0572833605110645
     656.4755837224817014       1.0549004673957825
     656.4757838559039556       1.0759092792868614
     656.4759839893262097       1.0759160146117210
     656.4761841227484638       0.9656010605394840
     656.4763842561708316       1.0932181105017662
     656.4765843895930857       0.9289199709892273
     656.4767845230153398       1.0065295360982418
     656.4769846564375939       0.9779057763516903
     656.4771847898599617       1.0023834842722863
     656.4773849232822158       1.0271157920360565
     656.4775850567044699       1.0223015304654837
     656.4777851901267240       0.9920774931088090
     656.4779853235490918       1.1507326811552048
     656.4781854569713460       0.9565585367381573
     656.4783855903936001       0.9256247580051422
     656.4785857238158542       1.0334910266101360
     656.4787858572381083       0.9354193061590195
     656.4789859906604761       1.0120458677411079
     656.4791861240827302       0.9870942281559110
     656.4793862575049843       0.9090276509523392
     656.4795863909272384       1.0016510520363227
     656.4797865243496062       1.0958881154656410
     656.4799866577718603       0.9787513073533773
     656.4801867911941144       1.0127485720440745
     656.4803869246163686       1.0022567417472601
     656.4805870580387364       0.9786938261240721
     656.4807871914609905       0.9509794190526009
     656.4809873248832446       1.0045154709368944
     656.4811874583054987       1.0195560213178396
     656.4813875917278665       1.0303987897932529
     656.4815877251501206       1.0054700053296983
     656.4817878585723747       0.9594442993402481
     656.4819879919946288       0.9509408697485924
     656.4821881254169966       1.0704552456736565
     656.4823882588392507       0.8988852724432945
     656.4825883922615049       0.9492741338908672
     656.4827885256837590       1.0201014652848244
     656.4829886591061268       0.9794791210442781
     656.4831887925283809       0.9726522434502840
     656.4833889259506350       1.0526110418140888
     656.4835890593728891       1.0669804289937019
     656.4837891927951432       0.9737587329000235
     656.4839893262175110       1.0477697141468525
     656.4841894596397651       1.0900400727987289
     656.4843895930620192       0.9479203708469868
     656.4845897264842733       1.0175286158919334
     656.4847898599066411       1.0011829324066639
     656.4849899933288953       1.1202731058001518
     656.4851901267511494       1.0096955765038729
     656.4853902601734035       1.0274411290884018
     656.4855903935957713       0.9098556265234947
     656.4857905270180254       0.9639857374131680
     656.4859906604402795       0.9551649838685989
     656.4861907938625336       1.0330095402896404
     656.4863909272849014       1.0356087200343609
     656.4865910607071555       0.9589678086340427
     656.4867911941294096       1.1223738938570023
     656.4869913275516637       1.0050749867223203
     656.4871914609740315       0.9696745369583368
     656.4873915943962857       1.0156440585851669
     656.4875917278185398       1.0325359441339970
     656.4877918612407939       0.9956768895499408
     656.4879919946631617       1.1084498688578606
     656.4881921280854158       0.9270252808928490
     656.4883922615076699       1.0111084682866931
     656.4885923949299240       0.9828691761940718
     656.4887925283522918       1.1088478937745094
     656.4889926617745459       0.9432540237903595
     656.4891927951968000       1.0736233666539192
     656.4893929286190541       0.9951190925203264
     656.4895930620413083       1.0417893379926682
     656.4897931954636761       1.0640379786491394
     656.4899933288859302       0.9550441876053810
     656.4901934623081843       1.0931672453880310
     656.4903935957304384       0.9562036097049713
     656.4905937291528062       0.9902103366330266
     656.4907938625750603       1.0174903254956007
     656.4909939959973144       1.0213187206536531
     656.4911941294195685       1.0139721734449267
     656.4913942628419363       0.9596909470856190
     656.4915943962641904       0.9472559019923210
     656.4917945296864445       1.0033248767722398
     656.4919946631086987       0.9215793833136559
     656.4921947965310665       1.0036179982125759
     656.4923949299533206       1.0642856582999229
     656.4925950633755747       1.0841860100626945
     656.4927951967978288       0.9897278556600213
     656.4929953302201966       0.9561876207590103
     656.4931954636424507       1.0435928702354431
     656.4933955970647048       1.0239269658923149
     656.4935957304869589       0.9886771989986300
     656.4937958639093267       1.0402769148349762
     656.4939959973315808       1.0545768104493618
     656.4941961307538350       1.0185326356440783
     656.4943962641760891       1.0529789589345455
     656.4945963975983432       0.9680416472256184
     656.4947965310207110       0.9603292383253574
     656.4949966644429651       0.9328759238123894
     656.4951967978652192       1.0351920835673809
     656.4953969312874733       1.0604954957962036
     656.4955970647098411       0.9862388120964170
     656.4957971981320952       1.0278239604085684
     656.4959973315543493       0.9863761765882373
     656.4961974649766034       0.9219688549637794
     656.4963975983989712       0.9779835510998964
     656.4965977318212254       1.0026345758233219
     656.4967978652434795       0.8991305679082870
     656.4969979986657336       0.9886506255716085
     656.4971981320881014       0.9483080320060253
     656.4973982655103555       1.0223482530564070
     656.4975983989326096       0.9272524937987328
     656.4977985323548637       1.0935335084795952
     656.4979986657772315       0.9598489031195641
     656.4981987991994856       0.9768405389040709
     656.4983989326217397       0.9776454288512468
     656.4985990660439938       1.0084563214331865
     656.4987991994663616       0.9999648299308319
     656.4989993328886158       0.9812511131167412
     656.4991994663108699       0.9572772905230522
     656.4993995997331240       0.9641139283776283
     656.4995997331554918       1.0866846814751625
     656.4997998665777459       1.0132398186251521
     656.5000000000000000       1.0108500039204955
